19 90 40573 87778 152376 157076 236583 336174 481608 487229 496029 532139 561434 620065 642997 682094 695805 797941 821423 857520 
17 142 44114 98255 138048 158203 195797 235797 335714 345832 358023 482333 512336 615642 697988 701363 779479 785258 
22 280 65504 90482 120830 143404 148256 170319 188147 198958 221626 238678 309337 318445 369956 409213 561865 575259 607493 742584 768077 783644 800734 
17 390 16219 128680 332299 373891 453800 516578 556459 587325 593439 597734 614269 646388 667431 673315 735461 910180 
18 567 28421 99597 117944 145754 171981 308319 353716 475058 496004 524907 533339 554891 564708 656001 819766 834932 886106 
19 680 85158 121450 157339 198794 215839 237194 279692 327166 468460 496963 515299 561261 613109 747409 781255 797556 833856 845876 
15 740 2939 111012 198317 231597 304982 575761 589193 596580 600179 749857 772784 792478 833283 840794 
17 15968 51541 55188 130870 228045 290813 306370 345270 386723 448326 501463 534239 662993 713287 774759 835627 899948 
16 59004 132769 216188 225950 320030 472531 542323 548392 564740 593541 684191 703547 709644 761601 841920 866638 
15 104279 143673 257316 298314 317571 379868 487593 514176 677378 756408 806291 832457 845262 876328 909316 
