1 269 1334 1344 1346 1359 1360 1361 1362 1363 1382 1394 1395 1453 1454 1458 1471 1472 1498 1518 1551 1609 1610 1611 1628
0 71 72 115 229 231 269 284 285 643 663 686 722 745 1333 1334 1336 1344 1346 1347 1355 1359 1360 1361 1362 1363 1368 1371 1382 1393 1394 1395 1397 1402 1403 1404 1405 1411 1414 1415 1417 1426 1436 1438 1451 1453 1454 1457 1458 1471 1472 1475 1478 1493 1494 1495 1498 1499 1511 1518 1551 1554 1555 1556 1577 1582 1609 1610 1611 1623 1624 1628 1643 1652 1666 1768
3
8 58
3 76 120
6 7 8 9 10 50 51 448 449 461 466 473 474 590 591
5 7 8 9 10 44 45 46 47 48 49 50 51
5 6
3 5 6 9 10 17 56 57 86 104 121
5 6 8 10 44 45 46 47 48 49 56 57 104 109 110
5 6 8 9 56 57 104
12
11
14 15 16 17
13 15 16 17
13 14 16 17
13 14 15 17 32 41 42 43 54 55
8 13 14 15 16 32 41 42 43 54 55 62 81 82 83 84 85 96
19 77 328 1346 1363 1504
328 1372 1716
21 22 23 52 64 75
22 23 52 64 75 97 115 643 722 1333 1355 1402 1405 1426 1436 1457 1498 1518
21 23 52 64 75 1355 1457
1 21 22 30 33 36 52 64 75 107 108 115 269 281 284 296 300 306 307 357 500 599 600 601 603 604 608 609 610 611 612 613 614 615 616 617 620 629 632 633 635 638 639 643 645 646 647 649 650 652 653 664 666 685 686 687 688 700 707 709 713 714 715 716 717 718 719 720 721 722 723 724 728 729 744 745 755 766 770 774 794 1333 1336 1338 1346 1347 1355 1358 1363 1364 1371 1372 1374 1381 1383 1393 1394 1402 1405 1417 1421 1426 1432 1436 1442 1451 1456 1457 1463 1464 1465 1466 1467 1471 1478 1485 1486 1488 1498 1506 1509 1511 1518 1532 1533 1548 1563 1564 1565 1583 1587 1588 1590 1604 1657 1664 1666 1668 1671 1673 1674 1727 1729 1768 1802 1866 1946 1995
25 26 27 28 37 38 39 40 114
26 27 28 37 38 39 40 114
24 25 27 28 36 37 38 39 40 98 99 100 101 107 114 284 304 328 342 1346 1375 1376 1389 1390 1391 1392 1429 1438 1460 1487 1522 1547 1550 1577 1599 1602 1630 1747 1869 1904 2018
24 25 26 28 36 37 38 39 40 98 99 100 101 114

30 31 53
1 22 23 29 36 284 500 599 610 614 615 617 631 649 650 690 722 723 745 755 794 1333 1336 1347 1354 1355 1356 1357 1358 1362 1364 1365 1366 1371 1374 1381 1382 1383 1397 1402 1403 1405 1416 1417 1418 1419 1421 1432 1438 1442 1445 1456 1457 1467 1469 1471 1478 1481 1485 1486 1498 1499 1510 1511 1518 1521 1532 1537 1542 1547 1548 1549 1563 1582 1583 1585 1586 1603 1646 1647 1668 1682 1709 1710 1794 1802 1834 1993 1994
29
16 17 33 34 42 43 44 45 46 47 48 49 54 55 65 66 67 68 69 78 79 80 92 93 102 103 118 119
32 72 124 407 432 433 435 440 504 505 512 543 598 686 1348 1349 1368 1373 1392 1393 1407 1449 1499 1548 1567 1599 1600 1602 1603 1604 1609 1661 1662 1663 1688 1694 1754 1807 1808 1878 2041
32
26 27 36
631 1709 1802
26 27 28 114
26 27 28 37
26 27 28 37
26 27 28 37
16 17 42
16 17 32 41 43
16 17 32 42 44 45 46 47 48 49
6 9 32 43 50 51 104
6 9 32 43 50 51 104
6 9 32 43 50 51 104
6 9 32 43 50 51 104
6 9 32 43 50 51 104
6 9 32 43 50 51 104
5 6 44 45 46 47 48 49
5 6 44 45 46 47 48 49

29
16 17 32
16 17 32 73 74
8 9 10
8 9 10
3
60 61
59 61 87 106
59 60 87 106
33 96 123 1355 1392 1456 1599 1600 1669 1670
62
21 22 23 52 75 617 643 722 1426 1442 1564 1565
32 67 68 69
32 67 68 69
32 65 66
32 65 66
32 65 66
33 71 72 123 124 269 284 304 389 407 557 1334 1339 1355 1359 1360 1361 1368 1373 1392 1395 1445 1446 1449 1459 1472 1487 1499 1501 1512 1531 1567 1599 1600 1601 1602 1618 1625 1661 1662 1663 1669 1670 1694 1799 1807 1809 1856 1878 1886 1907 2075
22 23 33 70 72 123 124 269 284 304 407 557 745 1339 1355 1368 1373 1392 1445 1446 1449 1495 1499 1500 1511 1531 1567 1599 1600 1601 1602 1604 1625 1661 1662 1663 1669 1670 1693 1694 1799 1807 1809 1856 1877 1878 1886 1907 1946 2075
1 33 123 269 686 745 1348 1349 1350 1351 1368 1393 1404 1407 1426 1464 1482 1483 1484 1511 1548 1599 1603 1604 1665 1685 1808
55 74 105
55 73 105

4 94 95 120

32
32
32
17 86
17 86
17 86
17 86
17 86
8 81 82 83 84 85
60 61
90 91
90 91
115 284 304 328 1339 1346 1363 1396 1439 1448 1449 1450 1453 1454 1455 1725 1726

32
32
76 95 111 112 115 1346 1363 1396 1467 1550 1618 1629 1630 1725 1726 1976
76 94

21 23
24 25 26 27 38 39 40 99 100 101
24 25 26 27 38 39 40 98 100 101
24 25 26 27 38 39 40 98 99 101

32
32
8 9 10 44 45 46 47 48 49
73 74
60 61
23 33 62 96 108 115 123 124 284 300 303 304 328 342 547 603 604 608 609 610 611 614 615 616 620 635 643 647 664 686 687 698 722 723 744 755 770 810 1333 1346 1347 1355 1358 1363 1372 1373 1374 1381 1392 1394 1396 1398 1399 1400 1402 1411 1436 1442 1443 1451 1456 1458 1465 1466 1467 1485 1486 1488 1489 1490 1491 1499 1500 1504 1522 1571 1578 1583 1584 1599 1600 1605 1618 1625 1628 1657 1669 1670 1673 1674 1720 1725 1726 1729 1743 1792 1881 1913 2043 2067
33 62 96 107 123 284 300 608 609 610 611 612 615 620 635 643 647 651 652 664 698 699 700 736 747 748 770 810 1335 1336 1347 1352 1355 1371 1374 1392 1405 1413 1417 1456 1458 1459 1465 1466 1478 1491 1499 1505 1580 1581 1582 1599 1600 1606 1669 1670 1848 1849 2008
9 110
9 109
94 112
94 111
76 94 95

36 1339 1363 1371 1402 1533 1802
117
116
32 119
32 118


33 62 123 124 1463 1464 1499 1599 1600 1601 1602 1603 1699 1794 1975
33 62 71 124 269 284 304 342 745 1346 1353 1355 1356 1451 1452 1463 1464 1471 1495 1499 1500 1502 1503 1550 1567 1593 1599 1600 1601 1602 1603 1616 1669 1670 1699 1748 1794 1809 1859 1884 1975 2003 2013
33 62 72 123 229 269 284 342 686 810 1334 1339 1346 1348 1349 1353 1355 1356 1393 1402 1439 1449 1451 1452 1460 1463 1464 1471 1497 1498 1499 1515 1516 1540 1548 1549 1550 1567 1575 1576 1599 1600 1601 1602 1603 1604 1632 1646 1647 1661 1687 1693 1694 1699 1720 1790 1791 1792 1794 1808 1815 1816 1817 1936 1937 1975 2023 2038 2039 2051
126 127 128 129 130 131 132 133 134 135 195 196 207 208 212 220 221 226 227 228 236 255 256 258 259
127 128 197 198 199 200
126 128
125 126 127 131 197 198 199 200
125 131
125 131
125 128 129 130 195 196 207 208 220 221 226 227 228 236
139 176 177 178 179 180



137 138 139
136 138 139 176 179 237 238 239 240 241
136 137 139
132 136 137 138 176 177 178 179 180 181 182 183 184 185 186 187 188 189 190 191 192 193 194 203 204 237 238 239 240 241 242 243 244 245 246
141
140 172 173
143
142
145 146 147 158
144 146 147 158 215
144 145 147 158
144 145 146

150
149
132 133 152 153 174 175 209 210 211 247 254


155 156 157
154 156 157
154 155
154 155
144 145 146
160 161 162 163 164 165
159 164 165
159 164 165
159 164 165
159 164 165
159 160 161 162 163
159 160 161 162 163

166
166
166 725 726
171
170 251 252 253
141
141


132 137 139 177 178 179 180 181 182 183 184 185 186 187 188 189 190 191 192 193 194 203 204 242 243 244 245 246
132 139 176 181 182 183 184 185 186 187 188 189 190 191 192 193 194 203 204
132 139 176 181 182 183 184 185 186 187 188 189 190 191 192 193 194 203 204
132 137 139 176 181 182 183 184 185 186 187 188 189 190 191 192 193 194 203 204 242 243 244 245 246
132 139 176 181 182 183 184 185 186 187 188 189 190 191 192 193 194 203 204
139 176 177 178 179 180
139 176 177 178 179 180
139 176 177 178 179 180
139 176 177 178 179 180
139 176 177 178 179 180
139 176 177 178 179 180
139 176 177 178 179 180
139 176 177 178 179 180
139 176 177 178 179 180
139 176 177 178 179 180
139 176 177 178 179 180
139 176 177 178 179 180
139 176 177 178 179 180
139 176 177 178 179 180
125 131
125 131
126 128 200 201 202 225
126 128 201 202
126 128 201 202
126 128 197 201 202 225
197 198 199 200
197 198 199 200
139 176 177 178 179 180
139 176 177 178 179 180
206
205
125 131
125 131




215
215
145 213 214
217
216
219 257 581 582
218 581 582
125 131
125 131
223 224
222 224
222 223 820 821
197 200
125 131
125 131
125 131
1 23 30 230 231 232 269 310 326 342 500 540 547 599 614 631 649 707 724 747 1334 1336 1344 1346 1355 1358 1359 1360 1361 1362 1371 1373 1377 1382 1383 1386 1394 1395 1402 1411 1414 1416 1417 1423 1424 1431 1432 1451 1456 1458 1459 1470 1471 1472 1477 1498 1512 1513 1514 1540 1557 1558 1559 1560 1561 1562 1571 1575 1576 1597 1598 1609 1610 1611 1616 1628 1673 1674 1687 1709 1714 1726 1744 1791 1845 1882 1883 1887 1908
231 232
1 115 229 230 232 269 284 285 310 326 342 440 449 500 514 540 547 686 745 1334 1344 1346 1359 1360 1361 1362 1363 1373 1374 1382 1383 1386 1394 1395 1402 1411 1414 1416 1417 1423 1424 1431 1439 1451 1458 1459 1471 1472 1477 1498 1512 1513 1514 1540 1560 1561 1562 1571 1575 1576 1597 1598 1609 1610 1611 1616 1628 1643 1714 1725 1726 1744 1791 1863 1908 2016
284 610 722 723 1362 1363 1381 1419 1426 1482 1483 1484 1485 1486 1549 1759
234 235
233 235
233 234 270 271
125 131
137 139 242 243 244 245 246
137 139 242 243 244 245 246
137 139 242 243 244 245 246
137 139 242 243 244 245 246
137 139 242 243 244 245 246
139 176 179 237 238 239 240 241
139 176 179 237 238 239 240 241
139 176 179 237 238 239 240 241
139 176 179 237 238 239 240 241
139 176 179 237 238 239 240 241

251 252 253
251 252 253
251 252 253
171 248 249 250
171 248 249 250
171 248 249 250
613 853 854 855 870 932 964


218 581 582


261 262 263
260 262 263
260 261
260 261
265 273 274 275 276 277 379
264 277 379
322 323 324 325
269 270 271 272 301 302 320 321 336 337 359 408
270 271 272 320 321 336
1 18 267 268 270 271 272 284 301 302 304 320 321 328 336 337 359 389 408 498 500 670 722 745 810 1334 1336 1344 1345 1346 1353 1359 1360 1361 1363 1368 1373 1383 1392 1395 1404 1441 1449 1456 1458 1459 1463 1464 1471 1472 1487 1496 1497 1498 1499 1501 1509 1511 1512 1528 1563 1583 1609 1610 1611 1616 1625 1628 1662 1663 1668 1683 1711 1712 1717 1718 1731 1807 1843 1868 1906 1924 1925 1931
235 346 347 352 353
235 346 347 352 353
336
36 264 277 298 299 330 331 332 333 374 375 1802
264 277 298 299 330 331 332 333 374 375
264 277 298 299 330 331 332 333 374 375
264 277 298 299 330 331 332 333 374 375
264 265 273 274 275 276
280 281 282 283 301 302 337 359
280 281 282 283 301 302 337 359
107 281 282 283 300 301 302 314 320 321 384 385 398 399
107 108 280 282 283 300 301 302 303 314 320 321 384 385 398 399 608 609 610 611 615 620 643 647 698 770 1465 1466
107 280 281 283 300 301 302 314 320 321 341 342 384 385 398 399 1335 1336 1347 1362 1371 1402 1405 1417 1458 1478 1580 1581
107 280 281 282 300 301 302 314 318 319 320 321 384 385 398 399
1 107 108 115 231 269 281 285 286 300 304 328 342 500 608 609 610 611 615 643 653 663 686 722 723 745 755 1333 1335 1336 1346 1347 1354 1355 1356 1362 1363 1373 1374 1381 1382 1392 1393 1394 1396 1397 1402 1403 1404 1405 1407 1413 1424 1432 1433 1436 1439 1440 1443 1445 1446 1451 1452 1453 1455 1457 1458 1475 1478 1485 1486 1487 1494 1495 1496 1498 1499 1500 1504 1506 1507 1518 1522 1535 1536 1546 1547 1548 1550 1554 1555 1556 1567 1578 1579 1583 1584 1599 1600 1601 1602 1605 1623 1624 1630 1638 1643 1661 1662 1663 1665 1671 1679 1708 1725 1726 1727 1729 1768 1795 1796 1827 1829 1830 1838 1863 1902 1904 1983 2002 2033 2061
1 107 284 286 304 328 342 686 1346 1355 1356 1362 1363 1393 1396 1403 1404 1424 1432 1439 1451 1452 1453 1455 1487 1500 1522 1546 1547 1548 1550 1630 1671 1708 1827 1829 1830 1904 2002 2033
284 285 296 304 305 342 354 355 360 397 686 1355 1356 1393 1432 1451 1452 1455 1548 1671 1829 1830 2002 2033
289 292 293 344 345
289 292 293 344 345
287 288 290 291 292 293 344 345 409 410 411
289 292 293 344 345
289 292 293 344 345
287 288 289 290 291 344 345 409 410 411
287 288 289 290 291 344 345 409 410 411
296 297
296 297
23 286 294 295 297 306 307 354 355 356 357 358 361 362 363 364 403 404
294 295 296 354 355
273 274 275 276
23 107 273 274 275 276 300 614 615 676 677 678 798 799
23 107 604 610 614 615 616 620 635 647 664 686 687 722 755 1347 1372 1373 1374 1381 1442 1467 1485 1486 1488 1657
303 615 620 632 633 645 646 647 664 685 686 687
303 615 620 632 633 645 646 647 664 685 686 687

107 124 284 342 1333 1346 1355 1363 1392 1396 1402 1451 1487 1499 1500 1504 1567 1578 1583 1584 1599 1600 1601 1602 1605 1661 1662 1663 1679 1720 1792 1838 1881

23 296 307 357
23 296 306 357
309 310 311 348 400 419

309 311 348
348 349 350 351 376 400 426
318 319
318 319
318 319
318 319
318 319
318 319
283 312 313 314 315 316 317
283 312 313 314 315 316 317


266
266 344 345 405 406
266 344 345 391 392 393 394 395 405 406
266
229 231 309 310 311 327 328 329 348 500 1346 1362 1420 1513 1514 1540 1708 1755 1756 1902 1908
326 328 329 1346 1362 1420
1 19 107 115 229 231 284 285 304 310 326 327 329 342 686 1346 1355 1362 1363 1368 1372 1376 1392 1396 1404 1411 1420 1451 1504 1513 1514 1522 1540 1550 1583 1584 1629 1630 1650 1662 1663 1708 1716 1719 1725 1726 1755 1756 1807 1838 1908
107 229 231 284 285 310 326 327 328 342 500 1346 1362 1376 1392 1396 1411 1420 1513 1514 1522 1540 1662 1663 1708 1755 1756 1902 1908
273 274 275 276
273 274 275 276
273 274 275 276
273 274 275 276
335
334


339 340
338 340
338 339
107 282 342 1335 1336 1347 1362 1371 1402 1405 1417 1458 1478 1580 1581
107 115 124 229 282 284 285 328 341 747 1334 1335 1336 1346 1347 1355 1356 1357 1358 1359 1362 1363 1371 1382 1396 1398 1399 1400 1402 1405 1417 1436 1445 1451 1452 1457 1458 1478 1499 1500 1504 1522 1527 1557 1558 1559 1575 1576 1580 1581 1583 1584 1616 1625 1628 1668 1673 1674 1720 1725 1726 1753 1765 1791 1792 1827 1828 1838
344 345
287 288 289 290 291 292 293 323 324 343 345
287 288 289 290 291 292 293 323 324 343 344
270 271 477 478 479 480
270 271
311 349 350 351 376 400 426
311 348 350 351 376 400 426


270 271
270 271
286 296 297 356 357 358 361 362 363 364 403 404
286 296 297 356 357 358 361 362 363 364 403 404
296 354 355
23 296 306 307 354 355
296 354 355

286
296 354 355 397
296 354 355 397
296 354 355 364
296 354 355 363
368 369 370
368 369 370
368 369 370 584 585
365 366 367
365 366 367
365 366 367
372 373
371 373
371 372
273 274 275 276
273 274 275 276
311 348 349
378
377

334 335
334 335
334 335
334 335
320 385

387 388
386 388
386 387
269 337 1459 1472 1501
337
324 392 393 394 395
1017 1019 1020



326 327 328 329 417 418
286 361 362



402
401
296 354 355
296 354 355
323 324
323 324
70 284 304 308 1487 1618

289 292 293
289 292 293
289 292 293
415 416
412 415 416
412 415 416
412 416




308
422
421 836 852 853 854 890 954
425
423 425


429 431
427 429 431
427 431
427 429 431

33 433 435
33 432 435 440 504 505 512 1368 1373 1449 1609 1807 1878
33 432 433 435

437 438 439 443 448 449 461 463 465 466 472 473 474 475 476 490 491 492 493 502 503 524 550 551 552 553 554 556 557 558 559
436 438 439 440 448 449 461 463 472 473 474 475 476 482 494 515 516 517 524 525 526 536 548 562
436 437 439 448 449 461 463 466 472 473 474 475 476 491 492 539
436 437 438 440 448 449 461 473 474 475 476 482 494 515 516 517 524 525 526 536 548 562
437 439 441 442 449 454 461 462 471 472 473 474 475 476 481 484 485 501 512 522 523 524 538 544 549 563 564 565 574 575 576 577 586
442 443 444 445 446 447 452 461 462 473 481 496 508 509 510 511 522 523 544 592
441 445 452 461 473 481 496 522 523 544 592
436 441 442 444 445 446 447 465 466 508 509 510 511 544 550 551 552 553 554
441 442 443 445 446 447 508 509 510 511 544
441 442 443 444 452 461 462 473 481 496 522 523 544 592
441 443 444
441 443 444
5 436 437 438 439 449 450 454 456 461 463 465 466 471 472 473 474 475 476 482 487 488 489 490 491 492 493 502 503 524 535 549 550 551 552 553 554 555 578
5 436 437 438 439 448 450 454 456 461 463 466 473 474 475 476 482 487 488 489 491 492 493 524 535 555 578
448 449
452 453
451 453
451 452
448 449 457 461 466 473 474
457
448 449 457 461 466 473 474
454 455 456
459 460
458 460
458 459
5 231 437 439 440 448 454 456 462 473 474 475 481 487 488 489 497 498 513 514 522 523 537 538 540 541 547
440 482 490 494 501 542
436 437 438 448 449 466
461 468 469 470 473 474 475 476
436 443 448 461 466 468 469 470 473 474 475 476 491 492 493 556 557 558 559
5 436 443 448 449 454 456 461 463 465 468 469 470 473 474 475 476 487 488 489 490 491 492 493 502 503 524 539 550 551 552 553 554 556 557 558 559
461 468 469 470 473 474 475 476
464 465 466 467
464 465 466 467 1191 1192
464 465 466 467
440 448 461 473 474 475 476 484 526 572 573
436 437 438 440 448 461 473 474 475 476 484
5 231 437 439 448 454 456 461 474 481 482 487 488 489 494 497 498 513 514 522 523 537 538 540 541 547
5 231 437 439 448 454 456 461 473 482 487 488 489 494 497 498 513 514 540 541 547
448

346 478 479
346 477 479 480
346 477 478 480
346 478 479

437 439 448 449 462 501 542
461 473 481 484 485
461 471 472 473 474 475 476 481 483 485 524 549

33 407 433 435 543 598 1602 1754 2041
448 449 461 466 473 474
448 449 461 466 473 474
448 449 461 466 473 474
436 448 462 466 491 492 493 501
436 448 449 465 466 490 492 493 502 503 524 550 551 552 553 554 566 567 568 569
436 448 449 465 466 490 491 502 503 524 550 551 552 553 554
436 448 449 465 466 490 491 502 503 524 550 551 552 553 554
437 439 462
441 442 445 452 461 473 481 496 522 523 544 592
452
498 500 540 541
107 497 500 540 541 1333 1347 1374 1383 1384 1385 1394 1402 1410 1417 1458 1460 1471 1472 1508 1509 1570 1583 1628 1631 1632 1668 1752 1818
497 498 500 540 541
115 497 498 540 541 610 615 734 1333 1336 1347 1352 1353 1362 1363 1371 1381 1382 1383 1385 1386 1387 1388 1392 1394 1402 1405 1416 1417 1421 1422 1436 1442 1443 1451 1458 1460 1471 1475 1563 1570 1583 1590 1623 1624 1631 1632 1668 1725 1726 1743 1818 1853 1854 1902 2057
440 462 482 490 542
436 448 466 491 492 493
436 448 466 491 492 493


454 461 473 474 586
454 461 473 474 586
441 443 444 510
441 443 444
441 443 444 508
441 443 444
441 442
231 440 449 514 1424
231 440 449 579 580
437 439 517
437 439
437 439 515
519 520 521
518 520 521
518 519 521
518 519 520


436 437 439 440 448 449 466 484 491 492 493
437 439
437 439 471
531 532 533 534
531 532 533 534
531 532 533 534
531 532 533 534
527 528 529 530 534 545 546
527 528 529 530
527 528 529 530
527 528 529 530 531 545 546
448 449
437 439 482 494



1 269 810 1346 1368 1373 1395 1404 1449 1471 1472 1609 1611 1628 1731 1807 1868

462 482 501
33 486



231 461 473 474 497 498 513 514 540 541 1458
437 439
440 448 484
436 443 448 466 491 492 493 556 557 558 559
436 443 448 466 491 492 493 556 557 558 559
436 443 448 466 491 492 493 556 557 558 559
436 443 448 466 491 492 493 556 557 558 559
436 443 448 466 491 492 493 556 557 558 559
448 449
436 465 466 550 551 552 553 554
70 71 436 465 466 550 551 552 553 554 1334 1339 1359 1360 1361 1368 1449 1471 1472 1509 1625 1628 1878 1886 1907
436 465 466 550 551 552 553 554
229 231 269 342 436 465 466 540 550 551 552 553 554 1395 1411 1451 1575 1576 1611 1616 1625 1791
561
560
437 439



491
491
491
491
33 433
33 433
471
471
856 882 883
449 524 564 577 593 594 595 596 597
449 524 564 575 577 593 594 595 596 597
449 524 564 575 593 594 595 596 597
448 449
514 580
514 579
218 219 257
218 219 257
584 585
367 583
367 583

461 473 474 475 476
461 473 474 475 476
461 473 474 475 476
591
590
452






21 22 23 30 36 107 124 300 500 600 601 602 603 604 610 614 615 631 649 650 690 755 794 1333 1336 1347 1352 1353 1354 1359 1364 1365 1366 1371 1373 1374 1381 1382 1383 1402 1403 1416 1417 1419 1421 1438 1456 1469 1471 1475 1485 1486 1499 1521 1532 1542 1547 1549 1563 1583 1652 1668 1709 1710 1717 1720 1792 1802 1834
599 601 602 603 604
107 300 599 600 602 603 604 615 635
604
604 749 750
612 613 659 660 661 662 728 729 801
23 606 607 614 617 768
23 605 607 614 617 768
23 605 606 614 617 768
107 300 604 609 610 611 612 613 615 620 632 633 643 685 712 731 732 733 1381 1485 1486
107 300 604 608 610 611 612 613 615 620 632 633 643 685 712 731 732 733 1381 1485 1486
23 107 124 284 300 604 608 609 611 612 613 614 615 616 620 632 633 643 685 686 712 722 723 731 732 733 770 1338 1347 1363 1367 1381 1382 1394 1411 1417 1443 1465 1466 1485 1486 1571 1589 1611 1729 1759 1785 1887
107 300 604 608 609 610 612 613 615 620 632 633 643 685 712 731 732 733 1381 1485 1486
187 604 613 659 660 661 662 686 687 728 729 773
254 604 612 659 660 661 662 728 729 853 854 855 870 932 964
1 22 23 30 36 107 284 300 500 599 600 601 603 604 608 609 610 612 613 615 616 617 620 632 633 635 638 639 643 645 646 647 649 650 652 664 685 686 687 688 700 707 709 713 714 715 716 717 718 719 720 721 722 723 724 728 729 744 745 755 770 794 1333 1334 1336 1338 1346 1347 1355 1358 1363 1364 1371 1372 1374 1381 1383 1394 1402 1417 1421 1432 1436 1442 1451 1456 1467 1471 1478 1485 1486 1488 1498 1509 1511 1518 1532 1533 1548 1551 1563 1583 1585 1586 1590 1657 1664 1666 1668 1671 1673 1674 1727 1729 1768 1802 1866 1995
23 107 108 281 284 300 500 599 600 601 603 604 608 609 610 611 612 613 614 616 620 629 632 633 634 635 638 639 643 645 646 647 652 653 658 663 664 673 674 675 685 686 687 688 689 690 691 692 700 713 714 715 716 717 718 719 720 721 722 723 727 728 729 730 735 744 755 767 770 782 793 802 803 807 808 809 810 1336 1338 1346 1347 1364 1374 1381 1382 1383 1392 1394 1402 1413 1414 1415 1424 1439 1442 1443 1445 1453 1455 1458 1460 1467 1485 1486 1488 1491 1509 1532 1563 1570 1657 1729 1818 1835
23 107 300 604 614 615 620 635 643 647 664 722 1347 1372 1374 1442 1657
22 23 30 33 269 599 614 643 649 650 707 709 722 724 745 794 1347 1355 1358 1371 1374 1402 1417 1421 1426 1432 1436 1442 1451 1456 1471 1478 1511 1548 1564 1565 1583 1590 1604 1664 1668 1671 1673 1674 1946 1995
23 107 300 604 612 613 614 615 616 620 632 633 647 664 685
23 107 300 604 612 613 614 615 616 620 632 633 647 664 685
107 108 300 604 612 613 615 621 635 644 645 646 647 651 652 664 687 699 700 728 729 736 780 781 804
829 830 886 894
624 625
624 625
622 623 625 741
622 623 624
629
629
629
23 107 108 281 300 604 608 609 610 611 614 615 616 620 626 627 628 635 643 645 646 647 653 664 666 682 722 723 743 755 766 769 770 774 1347 1374 1393 1394 1463 1464 1467 1488 1506 1587 1588
23 107 300 614 615 616 631 632 633 634 635 676 677 678
23 30 107 229 300 599 614 615 616 630 632 633 634 635 676 677 678 755 1355 1364 1402 1417 1418 1419 1436 1442 1456 1457 1467 1470 1471 1481 1499 1537 1549 1603 1646 1647 1682 1794 1845 1887 1993 1994
23 107 300 599 600 601 614 615 616 620 633 634 635 638 639 643 645 646 647 664 685 688 695 696 697 713 714 715 716 717 718 719
23 107 300 614 615 616 620 632 635 643 645 646 647 664 685 695 696 697
23 107 300 614 615 616 620 632 633 635 643 645 646 647 664 685 695 696 697 722 723 779
23 107 300 604 614 615 616 620 632 633 643 645 646 647 664 685 695 696 697
602 603 604 637
602 603 604 636
23 107 300 608 609 610 611 614 615 635 639 643 688 713 714 715 716 717 718 719
23 107 300 608 609 610 611 614 615 635 638 643 688 713 714 715 716 717 718 719
183 615 635 783
183 615 635 783
613 771 775
23 107 108 281 284 300 608 609 610 611 614 615 616 653 663 686 688 689 690 722 723 755 770 782 810 1336 1338 1347 1374 1377 1381 1393 1394 1413 1414 1415 1426 1436 1439 1442 1443 1445 1451 1458 1467 1485 1486 1488 1491 1506 1563 1623 1624 1657
107 300 604 612 613 620 645 646 647 652 664
107 300 604 612 613 620 646 647 652 664
107 300 604 612 613 620 645 647 652 664
23 107 108 300 599 600 601 604 612 613 614 615 616 620 635 645 646 651 652 664 682 683 699 700 736 780 781
107 300 604 608 609 610 611 612 613 615 620 632 633 643 685 712 731 732 733
1 23 30 36 599 610 614 617 650 707 724 1336 1355 1358 1363 1371 1381 1402 1436 1443 1451 1456 1485 1486 1533 1563 1666 1673 1674 1802 1866 1910
1 23 30 36 599 614 617 631 649 707 724 1336 1355 1358 1363 1371 1402 1417 1432 1436 1451 1456 1533 1563 1666 1673 1674 1709 1802 1866
615 620 635 647 652 664 699 700 736

107 108 300 608 609 610 611 615 620 643 647 698 770 1333 1347 1374 1392 1393 1394 1402 1417 1432 1442 1458 1465 1466 1478 1479 1606 1657 1749 1752
107 300 615 635
107 300 615 635
657 658
658 765 1365 2085 2086 2098 2129 2133 2150
107 300 615 620 635 647 657 664 765
604 612 613
604 612 613
604 612 613
604 612 613 864 865
107 284 300 615 620 632 633 635 645 646 647 664 685 686 687 1333 1347 1355 1356 1357 1358 1359 1363 1372 1374 1382 1394 1401 1402 1416 1445 1498 1504 1510 1511 1518 1674

667 668 704 705 706
667 668 704 705 706
665 666 668 784
665 666 784
23 107 300 599 600 601 614 615 616 620 632 633 634 635 638 639 645 646 647 664 685 688 713 714 715 716 717 718 719
23 107 300 599 600 601 614 615 616 620 632 633 634 635 638 639 645 646 647 664 685 688 713 714 715 716 717 718 719 1392 1662 1663
23 107 300 614 615 616 620 629 635 647 658 664 673 674 675 691 692 711 760 764 802 803 809
23 107 300 614 615 616 620 629 635 647 658 664 673 674 675 691 692 802 803 809



23 107 299 300 614 615 620 635 647 664 677 678 798 799
23 107 299 300 614 615 620 635 647 664 676 678 798 799
23 107 299 300 614 615 620 635 647 664 676 677 798 799
615 620 645 646 647 664
615 620 645 646 647 664 679
615 620 645 646 647 664 679
603 629 647 683 744
647 682
701 702 703 889 890 891 892
23 107 300 614 615 616 620 635 643 645 646 647 664
1 33 72 107 124 269 284 304 328 342 547 604 620 645 646 647 663 664 722 1335 1336 1342 1346 1348 1349 1350 1355 1356 1363 1377 1378 1392 1393 1401 1402 1403 1404 1407 1417 1419 1424 1432 1436 1437 1439 1447 1451 1452 1453 1455 1458 1460 1463 1478 1479 1487 1495 1496 1498 1499 1500 1546 1547 1548 1549 1578 1589 1599 1602 1603 1604 1605 1611 1625 1662 1663 1671 1708 1744 1745 1747 1763 1768 1787 1790 1795 1796 1803 1804 1808 1829 1830 1864 1876 2002 2051 2067
604 620 645 646 647 664
1 23 599 604 608 609 610 611 612 613 614 615 635 639 643 806 1364 1368 1404 1531
23 604 608 609 610 611 612 613 614 615 639 643 806
21 23 604 608 609 610 611 612 613 614 615 639 643 724 806 1339 1363 1371 1402 1417 1521 1547 1710 1959
23 107 300 614 615 616 620 645 646 647 658 663 664 692 713 727 782 809
23 107 300 614 615 616 620 635 645 646 647 658 663 664 713 727 782 809
694
693



108 620 647 651 652 664 699 700 736
700 772 776 777 842 844 864 865
699 757 758 759 772 776 777 813 831 842 844 864 865 882 883 963
684 702
684 701 703
684 702
665 666
665 666
665 666
1 23 30 599 610 614 617 649 650 1371 1381 1402 1436 1443 1456 1485 1486 1666 1802 1866 1910

23 614 617 1355 1358 1451 1671 1673 1674
711

107 300 604 608 609 610 611 612 613 615 632 633 685
615 635





615 635 795 796
722 723
722 723
1 23 107 284 300 608 609 610 614 615 616 643 686 690 723 753 755 770 1335 1336 1339 1347 1363 1374 1381 1393 1394 1402 1403 1404 1417 1419 1426 1432 1436 1437 1438 1443 1451 1465 1466 1467 1478 1479 1485 1486 1488 1499 1506 1507 1521 1525 1549 1589 1623 1624 1640 1646 1647 1729 1759 1763 1768 1910 1983 2039
107 284 300 610 615 643 722 1347 1374 1381 1419 1443 1485 1486 1549 1768 1910 1983
1 23 30 599 614 617 649 650 707 1336 1355 1358 1363 1371 1402 1436 1451 1456 1533 1563 1666 1673 1674 1802 1866
169 726
169 725







500 615 735 1382 1383 1402 1460 1509 1570 1818


107 108 281 608 609 610 611 615 643 653 755
107 108 281 608 609 610 611 615 643 653 737 755
23 107 300 604 614 615 616 635 786
23 107 300 604 614 615 616 635 786
624 1363 1901

629
749 750
269 284 612 746 747 748 1511
612 745 747 748
229 1334 1402 1417 1513 1514 1557 1558 1559 1560 1561 1562

603 744 750 751
603 744 749 751
749 750
284 612 747 748 1335 1336 1347 1352 1371 1405 1413 1417 1458 1459 1478 1499 1505 1580 1581 1582 1606 1848 1849 2008
1 284 610 612 690 722 747 748 1335 1336 1347 1352 1363 1371 1381 1403 1404 1405 1413 1417 1419 1437 1438 1458 1459 1478 1485 1486 1499 1505 1507 1521 1580 1581 1582 1606 1640 1848 1849 1889 2008
284 612 747 748 1335 1336 1347 1352 1371 1405 1413 1417 1458 1459 1478 1499 1505 1580 1581 1582 1606 1848 1849 2008
22 23 30 107 300 599 614 616 631 794 1347 1355 1363 1372 1373 1374 1392 1402 1436 1456 1457 1467 1471 1481 1488 1489 1490 1499 1646 1647 1682 1709
757 758 759
700 756
700 756
700 756
671 764
762 763 772
761 763 772
761 762 772

657 658



629 770
23 107 284 300 610 614 615 616 629 643 686 769 1338 1363 1367 1381 1411 1485 1486 1571 1611

699 700 761 762 763 842 844 864 865



699 700
699 700
23 614 1334 1498 1551 1585 1586
722 723

269 284 686 1334 1336 1363 1373 1382 1383 1393 1402 1416 1421 1436 1444 1445 1451 1455 1458 1471 1477 1496 1504 1578 1590 1594 1605 1621 1622 1623 1624 1689 1690 1691 1713 1717 1740 1768 1899 1972 1985
107 300 647 1347 1372 1374 1394


634 779


787
791 792
791 792



107 300
719 796
719 795
722

107 284 1336 1453 1500 1574 1904
801
604 800








1 23 107 108 231 281 284 300 608 609 610 611 614 615 616 643 653 663 686 688 689 690 722 755 764 782 1336 1346 1347 1354 1363 1368 1373 1374 1377 1381 1382 1392 1393 1394 1413 1414 1415 1424 1426 1433 1436 1439 1440 1445 1451 1458 1467 1475 1485 1486 1488 1491 1500 1623 1624 1638 1726 1731 1735 1807 1868 1986
107 615 643 663 686 782 810 1347 1374 1445 1458 1491
603 744
814 815 817
813 815 816 817
813 814 816 817 849 858 961
814 815 817
813 814 815 816
819
818 862 863 870 884 912 951
224 821
224 820
823 824
822
668 784 822
826 827 828
825 827 828 884
825 826 828 884
825 826 827 884
621 830 893
621 829 886 893 894
700 813 882 883 963
833
832
835 836 837 838 839
834 836 837 838 839 938 939 940 941
422 834 835 837 838 839 848 888 889 890 891 892 895 896 897 904 922 949 974 983
834 835 836 838 839 848 888 889 890 891 892 895 896 897 904 922 949 974 983
834 835 836 837 839 846 847 848 851 852 871 888 904 922 949 950 962 974
834 835 836 837 838 846 847 848 851 852 871 888 904 922 949 950 962 974
842 844
842 844
699 700 772 840 841 843 844 858 876 902 903 917 918 948 955 956
842 844
699 700 772 840 841 842 843 858 876 902 903 917 918 948 955 956
846 847 848 851
838 839 845 848 904
838 839 845 848 856 904
836 837 838 839 845 846 847 851 852 856 871 904 950 962
815 850 851 871 872 885 886 887 925 926 927 928
849
838 839 845 848 849 852 871 872 875 904
422 838 839 848 851 871 873 874 904
254 422 613 854 855 870 919 920 975
254 422 613 853 855 870 919 920 975
254 613 853 854 870 884 921 924 929 930 931
574 847 848 857 899 900 901 902 957 958
856 858 882 883
815 842 844 902 948 967
860 861
859 861
859 860
819 863 870 912 951
819 862 870 912 951
662 699 700 772 908
662 699 700 772 908
885 886 887
868 869 870 976 977 978
867 869 870 976 977 978
867 868 870 976 977 978
254 613 819 853 854 855 862 863 867 868 869 871 884 909 910 911 912 921 932 964 976 977 978
838 839 848 849 851 852 870 872 904 912
849 851 871
852 874 982
852 873 982
851
842 844 877 878 879
876
876
876
882 883
882 883
574 668 784 857 880 881
574 857 880 881
819 826 827 828 855 870 907 912
849 866
621 830 849 866 893 942
849 866
836 837 838 839 889 890 891 892 895 896 897 922 923 924 942 949
684 836 837 888 925 928 943 944
422 684 836 837 888
684 836 837 888
684 836 837 888 922
829 830 886 894
621 830 893 942
836 837 888
836 837 888
836 837 888
899 900 901 902
856 898
856 898
856 898
842 844 856 858 898 948 967
842 844
836 837 838 839 846 847 848 851 852 871 950 962
906
905
884
864 865
870
870 912
870 912
819 862 863 870 871 884 910 911 921
914 915 916
913 915 916
913 914 916
913 914 915
842 844
842 844
853 854
853 854
855 870 912
836 837 838 839 888 892 923 924 942 949
888 922
855 888 922 964 965 966
849 889 926 927 928 943 944 945 946 947
849 925 928 943 944
849 925 928 943 944
849 889 925 926 927 943 944 945 946 947 959 960
855
855
855
254 613 870
935
935
933 934
938 939 940 941
938 939 940 941
835 936 937
835 936 937
835 936 937
835 936 937
886 888 894 922
889 925 926 927 928 945 946 947
889 925 926 927 928 945 946 947
925 928 943 944
925 928 943 944
925 928 943 944
842 844 858 902 967
836 837 838 839 888 922
838 839 848 904
819 862 863
953
952
422
822 842 844
822 842 844 1199 1236
856
856
928 960
928 959
815
838 839 848 904

254 613 870 924 965 966 979 980 981
924 964 979 980 981
924 964 979 980 981
858 902 948
970 971 972 973
970 971 972 973
968 969 971 972 973 984
968 969 970 984
968 969 970 984
968 969 970 984
836 837 838 839
853 854
867 868 869 870
867 868 869 870
867 868 869 870
964 965 966
964 965 966
964 965 966
873 874
836 837
970 971 972 973
668 784

988 989 990 991 1159
987 989 990 991 1159
987 988 990 991 1159
987 988 989 991 1159
987 988 989 990
993 1065 1167
992 1065 1167
995 996 1001 1002 1039 1115 1146
994 996 1002
994 995 1002
998 999 1000
997 1094 1114 1115
997
997
994 1002
994 995 996 1001
1004 1005 1006 1035 1038 1078
1003 1005 1006 1035 1038
1003 1004 1006
1003 1004 1005
1008 1009 1010
1007 1009 1010
1007 1008 1010
1007 1008 1009
1012 1013
1011
1011
1015 1016
1014 1079 1080
1014 1040 1041 1079 1080
392 1018 1019 1020 1021 1022 1025 1036 1117 1125 1126 1127 1138 1139 1140
1017 1019 1020
392 1017 1018 1020 1021 1022 1025 1035 1036 1037 1052 1054 1117 1125 1126 1127 1138 1139 1140
392 1017 1018 1019 1021 1025 1036 1117 1125 1126 1127 1138 1139 1140
1017 1019 1020 1022
1017 1019 1021 1075 1170
1024 1026 1107 1108 1109
1023
1017 1019 1020
1023 1027
1026
1029 1030
1028 1030
1028 1029
1034
1034
1034
1031 1032 1033 1066 1067 1068 1069 1142
1003 1004 1019 1036 1055 1056 1072 1073 1074 1075 1081 1091 1092 1093 1141 1151 1152 1153 1154 1155
1017 1019 1020 1035 1037 1117
1019 1036
1003 1004 1055 1056
994
1016 1042 1043 1044 1054 1099 1100 1101 1165 1166
1016 1042 1043 1044 1099 1100 1101
1040 1041
1040 1041
1040 1041
1048 1049
1048 1049
1048 1049

1052 1104 1105 1115 1147
1051 1169
1050
1019 1055 1056 1081 1083 1084 1085 1141 1151
1055 1056
1019 1040 1055 1056 1081 1083 1084 1085 1141 1151 1158
1035 1038 1052 1053 1054 1056 1098 1143 1163 1164
1035 1038 1052 1053 1054 1055 1098 1143 1163 1164
1058 1059 1060 1061 1062
1057 1059 1060 1061 1062
1057 1058
1057 1058
1057 1058
1057 1058
1064 1065 1128 1129 1171 1172
1063
992 993 1063
1034
1034
1034
1034
1072 1073
1072 1073
1035 1070 1071
1035 1070 1071
1035 1075 1076 1077 1090 1091 1092 1093 1141 1152 1153 1154 1155
1022 1035 1074 1076 1077 1090 1091 1092 1093 1106 1141 1145 1152 1153 1154 1155
1074 1075
1074 1075
1003
1015 1016
1015 1016
1035 1052 1054 1082 1149 1150
1081
1052 1054 1084 1085
1052 1054 1083
1052 1054 1083
1088 1089
1088 1089
1086 1087
1086 1087
1074 1075 1091 1092 1093
1035 1074 1075 1090
1035 1074 1075 1090 1106 1141 1145
1035 1074 1075 1090
998 1114 1115
1096 1097
1095 1097
1095 1096
1055 1056
1040 1041
1040 1041
1040 1041
1052 1104 1105
1052 1104 1105


1075 1092 1141 1152 1153 1154 1155
1023
1023
1023
1113
1113
1113
1110 1111 1112
998 1094 1116
994 998 1049 1094 1116 1123 1124 1148 1156 1157
1114 1115
1017 1019 1020 1036
1119 1120 1121
1118 1120 1121
1118 1119
1118 1119
1123 1124
1115 1122
1115 1122
1017 1019 1020
1017 1019 1020
1017 1019 1020
1063
1063
1132 1133
1132 1133
1130 1131
1130 1131
1136 1137
1136 1137
1134 1135
1134 1135
1017 1019 1020
1017 1019 1020
1017 1019 1020
1052 1054
1034
1055 1056

1075 1092 1141
994
1049 1148
1115 1147
1081 1151
1081 1151
1035 1052 1054 1149 1150
1035 1074 1075 1106
1035 1074 1075 1106
1035 1074 1075 1106
1035 1074 1075 1106
1115 1157
1115 1156
1054
987 988 989 990
1023 1161 1162
1023 1162

1055 1056
1055 1056
1040 1166
1040 1165
992 993
1169
1050 1168
1022
1063
1063
1175 1176
1175 1176
1173 1174
1173 1174
1179 1193 1194
1179 1193 1194
1177 1178 1193 1194
1182 1183 1193 1194 1200 1201 1225
1182 1183 1189 1190 1191 1192 1193 1194 1200 1201 1225 1250 1266 1297 1298
1180 1181 1187 1285 1286
1180 1181 1187 1216 1217 1253 1254 1285 1286
1186 1187 1188 1193 1194 1230 1244 1246 1247 1265 1272 1273 1279 1280 1292 1293
1186 1187 1188 1230 1244 1246 1247 1265 1292 1293
1184 1185 1198 1199 1264
1182 1183 1184 1185 1198 1199 1202 1234 1243 1264 1285 1286 1287
1184 1185 1198 1199 1264
1181 1191 1192 1299
1181 1191 1192 1299
469 1181 1189 1190 1284 1299
469 1181 1189 1190 1284 1299
1177 1178 1179 1180 1181 1184 1214 1215 1230 1258 1265 1281 1282 1283 1311 1317 1318
1177 1178 1179 1180 1181 1184 1214 1215 1230 1258 1265 1281 1282 1283 1311 1317 1318
1196 1240 1241
1195 1242 1261 1290 1304 1305 1306
1199
1186 1187 1188 1199 1294
956 1186 1187 1188 1197 1198 1236 1264
1180 1181 1201 1202 1203 1204 1205 1226
1180 1181 1200 1202 1203 1204 1205 1225 1226 1227 1228 1236 1237
1187 1200 1201 1227 1228 1285 1286
1200 1201 1204 1205 1206 1207 1208 1209 1210
1200 1201 1203 1205 1206 1207 1208 1209 1210
1200 1201 1203 1204
1203 1204
1203 1204
1203 1204
1203 1204
1203 1204
1212 1213
1211 1214 1215 1234 1243 1307
1211 1214 1215 1234 1243 1307
1193 1194 1212 1213 1307
1193 1194 1212 1213 1307
1183 1218 1219 1220 1221 1222 1223 1224 1225 1229 1230 1296
1183 1218 1219 1220 1221 1222 1223 1224 1225 1229 1230 1296
1216 1217
1216 1217
1216 1217
1216 1217
1216 1217
1216 1217
1216 1217
1180 1181 1201 1216 1217 1226 1237
1200 1201 1225 1227 1228
1201 1202 1226
1201 1202 1226
1216 1217 1253 1254
1184 1185 1193 1194 1216 1217 1231 1245 1253 1254 1312
1230 1246 1247
1234 1235
1234 1235
1187 1212 1213 1232 1233 1244 1295 1326 1332
1232 1233 1326
956 1199 1201 1237 1238
1201 1225 1236 1238
1236 1237
1240 1241
1195 1239 1242 1245 1259 1260 1291 1300 1315 1327
1195 1239 1242 1245 1259 1260 1291 1315 1327
1196 1240 1241 1291
1187 1212 1213 1244 1295 1332
1184 1185 1234 1243 1258 1292 1293 1317 1318
1230 1240 1241 1319 1320
1184 1185 1231 1255 1256 1257 1261 1308 1309
1184 1185 1231 1255 1256 1257 1261 1308 1309
1250 1261 1262
1250 1261 1262
1181 1248 1249 1261 1299
1252 1313 1314
1251 1290 1303 1331
1183 1229 1230
1183 1229 1230
1246 1247 1281 1282 1283
1246 1247 1281 1282 1283
1246 1247 1263 1281 1282 1283
1193 1194 1244 1272 1273 1279 1280 1292 1293
1240 1241 1291
1240 1241 1291
1196 1246 1247 1248 1249 1250 1262
1248 1249 1261 1321 1322 1323 1324 1325
1257
1186 1187 1188 1199 1294
1184 1185 1193 1194 1312
1181 1267
1266
1269 1270 1271
1268
1268
1268
1184 1258
1184 1258
1276 1277 1278
1276 1277 1278
1274 1275 1277 1278
1274 1275 1276
1274 1275 1276
1184 1258
1184 1258
1193 1194 1255 1256 1257
1193 1194 1255 1256 1257
1193 1194 1255 1256 1257
1191 1192
1182 1183 1187 1202 1286 1287
1182 1183 1187 1202 1285 1287
1187 1285 1286
1289 1290
1288 1290
1196 1252 1288 1289 1304 1305 1306 1310 1326
1240 1241 1242 1259 1260
1184 1185 1244 1258
1184 1185 1244 1258
1198 1264
1234 1243
1216 1217
1181 1299 1311
1181 1299 1311
1189 1190 1191 1192 1250 1297 1298
1240
1302
1301
1252 1326
1196 1290 1306
1196 1290 1306
1196 1290 1304 1305
1212 1213 1214 1215
1246 1247
1246 1247
1290
1193 1194 1297 1298 1316
1230 1265
1251
1251
1240 1241
1311
1193 1194 1244
1193 1194 1244
1245
1245
1262 1328 1329 1330
1262 1328 1329 1330
1262 1328 1329 1330
1262 1328 1329 1330
1262 1328 1329 1330
1234 1235 1290 1303
1240 1241
1321 1322 1323 1324 1325
1321 1322 1323 1324 1325
1321 1322 1323 1324 1325
1252
1234 1243
1 21 22 23 229 269 342 643 686 722 745 747 1334 1335 1336 1345 1346 1347 1355 1356 1358 1359 1360 1361 1363 1371 1382 1383 1386 1395 1397 1402 1405 1417 1426 1431 1432 1436 1451 1452 1457 1458 1459 1475 1478 1480 1498 1499 1511 1512 1517 1518 1533 1554 1555 1556 1557 1558 1559 1565 1566 1567 1578 1579 1582 1583 1584 1596 1611 1652 1665 1671 1673 1674 1686 1687 1727 1743 1749 1752 1768 1801 1828 1851 1865 2009 2021
70 71 229 269 498 500 643 722 747 1333 1335 1336 1346 1347 1354 1359 1360 1361 1362 1363 1371 1382 1383 1388 1394 1395 1402 1405 1417 1421 1426 1432 1436 1451 1458 1459 1471 1472 1475 1478 1495 1498 1499 1518 1524 1551 1554 1555 1556 1557 1558 1559 1563 1578 1582 1590 1597 1616 1623 1624 1628 1652 1743 1801 1853 1854 1881
1 36 284 631 650 722 1336 1347 1371 1402 1405 1417 1432 1436 1451 1478 1479 1563 1582 1606 1623 1624 1643 1709 1768 1802 1887 1891
1 23 30 33 36 107 229 284 304 500 599 614 617 631 649 650 686 707 722 724 1333 1335 1339 1341 1347 1352 1353 1354 1371 1373 1377 1378 1382 1392 1393 1394 1402 1405 1415 1417 1421 1429 1432 1436 1453 1458 1463 1464 1470 1471 1475 1478 1479 1493 1495 1500 1518 1563 1582 1590 1599 1600 1606 1618 1643 1687 1709 1726 1730 1735 1736 1737 1752 1768 1802 1818 1827 1887 1891
284 610 722 723 770 1338 1465 1466
107 284 610 686 722 723 770 1347 1363 1367 1381 1394 1465 1466 1485 1486 1611 1729
90 115 269 284 304 328 1341 1342 1343 1346 1363 1396 1402 1439 1448 1449 1453 1454 1455 1499 1528 1667 1725 1726 1793
1342 1343
269 1339 1342 1343 1346 1395 1609 1610 1611
1339 1340 1341 1768 1787 1805
1339 1340 1341
18 269 328 500 599 615 745 1345 1346 1353 1364 1383 1395 1509 1532 1616 1843
269 1346 1353 1395 1843
1 18 23 107 115 269 284 285 304 328 342 500 540 614 617 686 745 1334 1335 1344 1345 1353 1355 1359 1360 1361 1362 1363 1368 1375 1376 1382 1383 1392 1395 1396 1403 1404 1417 1420 1424 1436 1437 1438 1439 1451 1453 1455 1458 1471 1487 1496 1504 1509 1514 1522 1528 1540 1542 1550 1560 1561 1562 1583 1584 1596 1606 1609 1610 1611 1616 1623 1624 1625 1628 1629 1630 1650 1662 1663 1671 1678 1679 1708 1711 1712 1719 1725 1726 1755 1756 1807 1828 1838 1843 1872 1904 1964 1965
22 23 107 722 794 1336 1371 1373 1374 1402 1417 1432 1437 1442 1478 1563 1582 1657 1763 1768 1769
72 1349 1350 1460 1916
72 1348 1350 1460 1916
33 72 686 1336 1348 1349 1393 1407 1548 1563 1599 1603 1604 1665
72 1426 1482 1483 1484
1 107 108 269 281 284 300 599 610 615 643 653 663 722 745 782 810 1333 1336 1347 1353 1354 1355 1359 1363 1364 1374 1377 1381 1382 1392 1393 1394 1415 1426 1436 1439 1447 1451 1458 1463 1464 1475 1485 1486 1491 1493 1499 1511 1518 1612 1613 1623 1624 1652 1736 1737
1 269 599 643 663 722 745 1336 1352 1354 1355 1362 1363 1364 1392 1393 1394 1403 1415 1426 1436 1438 1447 1451 1458 1463 1464 1475 1478 1493 1499 1511 1623 1624 1652 1736 1737 1859 1998
1 124 500 599 1333 1336 1352 1353 1359 1364 1382 1383 1392 1415 1458 1463 1464 1475 1493 1499 1509 1532 1720 1736 1737 1792
1 33 71 115 123 124 232 269 284 304 342 722 723 1333 1346 1352 1353 1356 1357 1358 1362 1363 1396 1397 1402 1405 1408 1417 1419 1436 1447 1451 1452 1457 1463 1464 1495 1498 1499 1500 1502 1503 1518 1522 1549 1554 1555 1556 1567 1583 1584 1599 1600 1618 1669 1670 1671 1673 1674 1720 1725 1726 1748 1792 1809 2026
342 1355 1357 1358 1447 1451 1452 1457 1499 1673 1674
342 1355 1356 1358 1447 1451 1452 1673 1674
342 1355 1356 1447 1451 1452 1673 1674
70 71 229 269 342 599 653 1333 1334 1336 1346 1350 1360 1361 1362 1363 1364 1382 1386 1392 1394 1395 1402 1405 1417 1451 1453 1456 1458 1459 1471 1472 1498 1501 1518 1531 1551 1583 1584 1616 1628 1631 1632 1646 1686 1723 1728 1735 1743 1768 1774 1801 1880 1964 1969 1970 2015 2024
70 71 229 269 1334 1346 1359 1361 1362 1363 1394 1395 1458 1459 1471 1472 1498 1551 1616 1628
70 71 229 269 284 285 686 1334 1346 1359 1360 1362 1363 1394 1395 1403 1404 1437 1438 1458 1459 1471 1472 1498 1542 1551 1616 1625 1628 1679 1828
107 115 232 284 285 300 304 328 342 540 610 686 722 723 1333 1335 1336 1346 1347 1352 1353 1355 1356 1363 1371 1372 1376 1381 1382 1387 1392 1394 1396 1402 1405 1417 1419 1420 1426 1432 1436 1439 1442 1445 1447 1451 1452 1453 1454 1455 1458 1478 1479 1482 1483 1484 1485 1486 1489 1490 1498 1504 1510 1521 1522 1549 1550 1563 1580 1581 1582 1583 1584 1611 1623 1624 1628 1630 1631 1632 1658 1659 1689 1690 1691 1708 1716 1725 1726 1749 1755 1756 1759 1768 1827 1904
26 115 284 328 610 663 1346 1355 1356 1357 1358 1362 1371 1381 1382 1390 1391 1392 1396 1401 1402 1416 1417 1432 1436 1438 1445 1451 1485 1486 1495 1498 1504 1510 1511 1546 1547 1554 1555 1556 1582 1662 1663 1715 1725 1726 1827 1869 1964 2010
1 23 30 124 284 500 599 610 614 615 617 690 722 723 745 755 1333 1347 1354 1355 1356 1357 1358 1359 1362 1365 1366 1371 1373 1374 1381 1382 1383 1397 1402 1403 1405 1417 1418 1419 1432 1438 1442 1457 1467 1478 1481 1485 1486 1498 1499 1509 1518 1521 1532 1537 1542 1547 1549 1582 1603 1646 1647 1682 1710 1717 1720 1792 1794 1834 1993 1994
2085 2086 2089 2090 2095 2106


33 71 72 83 500 1363 1370 1371 1383 1392 1402 1436 1460 1499 1570 1599 1603 1604 1662 1663 1688 1732 1734 1794 1885 1886 1959
1363 1368 1370 1371 1499 1603 1794 1885 1886 1959
1368 1371 1402 1436 1499 1603 1794
36 631 755 1339 1368 1370 1382 1402 1417 1432 1436 1499 1582 1603 1709 1794 1802
19 107 328 722 1347 1362 1373 1374 1442 1657 1716
1 115 328 1336 1346 1363 1394 1458 1563 1643 1725 1726
107 1347 1373 1442 1657
1346 1396 1550 1629 1630
24 26 107 284 304 342 1346 1355 1363 1375 1396 1451 1504 1522 1550 1629 1630 1838 2036 2037
23 30 107 229 300 599 608 609 610 611 614 615 616 617 643 649 650 653 663 686 707 724 747 755 810 1335 1336 1339 1341 1346 1347 1363 1371 1374 1378 1382 1393 1394 1402 1405 1417 1421 1436 1453 1458 1467 1470 1471 1478 1488 1491 1495 1506 1540 1557 1558 1559 1582 1590 1606 1687 1827 1872 1998
686 1336 1339 1341 1377 1393 1458 1495
232 500 610 1362 1363 1371 1380 1381 1382 1388 1402 1403 1417 1419 1426 1438 1443 1482 1483 1484 1485 1486 1499 1507 1534 1542 1549 1637 1667 1738 1743
232 1362 1379 1381 1382 1417 1738
232 500 610 722 770 1362 1363 1371 1379 1380 1382 1388 1402 1403 1417 1419 1426 1438 1443 1465 1466 1482 1483 1484 1485 1486 1499 1507 1534 1542 1549 1637 1667 1738 1743 1759 1887
1 22 23 36 115 124 284 328 500 610 614 631 643 649 650 690 722 724 755 794 1333 1336 1339 1355 1356 1357 1358 1363 1368 1371 1372 1373 1381 1383 1386 1387 1392 1402 1404 1405 1416 1417 1419 1426 1432 1436 1437 1438 1442 1445 1451 1458 1460 1471 1480 1485 1486 1499 1507 1509 1521 1533 1547 1549 1565 1570 1577 1581 1583 1605 1666 1668 1673 1674 1686 1687 1709 1710 1711 1712 1716 1717 1720 1725 1726 1732 1739 1763 1768 1769 1774 1777 1792 1802 1812 1818 1871 1898 1905 1929 2001 2068 2069
115 498 500 615 643 722 734 1333 1334 1336 1347 1354 1359 1363 1382 1386 1387 1388 1394 1402 1405 1416 1421 1422 1426 1436 1442 1451 1458 1460 1471 1475 1494 1495 1499 1518 1524 1554 1555 1556 1563 1570 1578 1583 1590 1597 1623 1624 1631 1632 1652 1668 1725 1726 1743 1801 1853 1854 1881 1888
498 500 615 734 1333 1359 1382 1383 1386 1387 1388 1405 1416 1494 1495 1518 1524 1631 1632 1743 1801
498 500 1382 1383 1386 1387 1388 1416 1421 1422 1460 1471 1570 1631 1632
284 304 328 342 500 1333 1346 1362 1376 1382 1383 1387 1396 1402 1405 1420 1451 1460 1487 1570 1583 1584 1708 1719 1812 1818 1871
500 1333 1382 1383 1386 1402 1405 1460 1570 1583 1605 1668 1812 1818 1871
498 500 610 615 734 1333 1371 1381 1382 1402 1405 1417 1443 1475 1743
26 1390 1391 1392 1429 1438 1547 1577 1869 2018
26 1389 1391 1392 1429 1438 1547 1577 1869 2018
26 1390 1392 1547 1869
26 33 115 124 269 284 304 342 500 615 653 670 1333 1336 1362 1363 1382 1383 1385 1390 1391 1394 1421 1436 1445 1446 1451 1453 1456 1458 1460 1471 1476 1487 1495 1499 1500 1501 1547 1563 1567 1570 1599 1600 1601 1602 1606 1662 1663 1725 1726 1747 1777 1827 1869 2021 2022 2062
1 23 33 72 107 269 284 300 304 342 608 609 610 611 614 615 616 643 653 663 686 747 755 810 1333 1335 1336 1342 1346 1347 1348 1349 1350 1355 1356 1363 1371 1374 1377 1381 1394 1397 1401 1402 1405 1407 1417 1432 1442 1447 1451 1452 1453 1455 1457 1460 1463 1467 1478 1485 1486 1488 1491 1494 1495 1496 1498 1500 1506 1518 1540 1548 1549 1554 1555 1556 1557 1558 1559 1578 1579 1582 1599 1602 1603 1604 1605 1606 1657 1671 1727 1747 1768 1787 1808 1829 1830 1864 1872 1876 1998 2002
1 23 107 115 300 328 608 609 610 611 614 615 616 643 653 663 722 747 755 810 1333 1335 1336 1346 1347 1359 1362 1363 1371 1373 1374 1377 1381 1393 1402 1405 1417 1442 1443 1451 1453 1458 1467 1478 1485 1486 1488 1491 1506 1540 1557 1558 1559 1563 1582 1606 1643 1657 1717 1725 1726 1827 1872 1998
1 229 231 269 342 540 810 1334 1346 1359 1360 1361 1368 1373 1404 1411 1449 1451 1471 1472 1509 1513 1514 1539 1540 1560 1561 1562 1575 1576 1609 1611 1616 1625 1628 1731 1791 1807 1868 1925 1931
115 328 1346 1363 1725 1726
1 269 284 745 1333 1355 1393 1402 1405 1457 1494 1495 1498 1511 1518 1554 1555 1556
107 115 342 1346 1363 1399 1400 1451 1522 1583 1584 1725 1726
107 115 342 1346 1363 1398 1400 1451 1522 1583 1584 1725 1726
107 115 342 1346 1363 1398 1399 1451 1522 1583 1584 1725 1726
663 1333 1359 1363 1405 1518 1848 2019
22 23 30 36 269 342 500 599 610 614 617 631 643 649 650 663 707 722 755 794 1333 1335 1336 1339 1345 1346 1355 1356 1359 1362 1363 1371 1381 1382 1383 1385 1386 1387 1392 1395 1405 1412 1416 1417 1421 1425 1426 1432 1436 1443 1445 1451 1452 1457 1471 1478 1480 1485 1486 1499 1512 1513 1514 1517 1518 1541 1554 1555 1556 1560 1561 1562 1563 1565 1578 1582 1583 1605 1611 1646 1647 1659 1665 1668 1674 1686 1687 1709 1727 1749 1752 1768 1777 1786 1802 1827 1828 1848 1881 1887 1910 2009 2019 2039
1 115 229 231 284 643 690 722 753 1346 1363 1368 1371 1402 1404 1411 1417 1419 1426 1427 1428 1429 1433 1434 1435 1436 1437 1438 1439 1451 1458 1500 1507 1513 1514 1521 1540 1542 1547 1549 1560 1561 1562 1577 1623 1624 1640 1689 1690 1691 1710 1828 1850 1889 1941 2070
1 115 643 1363 1403 1426 1438 1577
1 21 22 23 229 747 1334 1335 1336 1347 1363 1371 1402 1417 1432 1478 1479 1554 1555 1556 1557 1558 1559 1563 1582 1643 1768 2021
107 108 232 281 284 342 610 615 643 653 663 722 723 770 1335 1336 1355 1356 1362 1363 1371 1381 1393 1394 1405 1407 1408 1417 1419 1451 1452 1463 1464 1465 1466 1478 1485 1486 1506 1549 1582 1587 1588 1606 1695 1998
33 72 107 108 124 232 281 284 342 610 615 643 653 686 722 723 770 1348 1349 1350 1355 1356 1362 1381 1393 1394 1406 1408 1417 1419 1447 1451 1452 1460 1463 1464 1465 1466 1485 1486 1499 1506 1548 1549 1587 1588 1599 1602 1603 1604 1695 1747 1790 1808 1864 2002 2051
232 284 342 722 723 1352 1353 1355 1356 1362 1417 1419 1447 1451 1452 1549
1410 1509 2056
19 107 123 284 285 328 329 686 1333 1336 1346 1352 1355 1372 1376 1386 1392 1409 1445 1453 1458 1463 1464 1474 1500 1509 1527 1547 1549 1574 1592 1593 1616 1669 1670 1708 1765 1857 1904 1950 2052 2053 2054 2056
1 107 229 231 269 284 304 310 326 342 540 1334 1346 1359 1360 1361 1362 1373 1382 1386 1394 1395 1396 1402 1414 1416 1431 1439 1451 1453 1455 1458 1459 1471 1472 1477 1498 1512 1513 1514 1522 1540 1550 1560 1561 1562 1571 1575 1576 1611 1616 1628 1630 1714 1726 1744 1791 1827 1904 1908
23 614 617 745 1374 1445 1498 1510 1511 1548 1585 1586
23 107 300 608 609 610 614 615 616 643 722 755 1347 1374 1381 1436 1443 1451 1467 1485 1486 1488 1623 1624 1763
1 23 107 229 231 300 614 615 616 755 1347 1374 1411 1467 1488 1763
1 23 107 284 285 300 614 615 616 663 686 755 1347 1363 1374 1382 1397 1436 1451 1467 1475 1488 1493 1623 1624 1643 1763
1336 1355 1356 1357 1358 1382 1386 1387 1436 1480 1583 1668 1686 1739 1768
1 21 22 23 30 36 231 284 304 599 610 631 663 686 722 723 724 755 1333 1339 1347 1355 1362 1363 1371 1373 1381 1382 1402 1405 1415 1419 1424 1425 1426 1432 1436 1437 1439 1440 1451 1453 1454 1455 1456 1457 1478 1479 1482 1483 1484 1485 1486 1487 1498 1500 1513 1514 1518 1521 1541 1549 1560 1561 1562 1582 1658 1665 1709 1727 1749 1752 1759 1763 1769 1802 1917 2055
342 755 1333 1355 1356 1442 1451 1452 1457 1467 1481 1537 1646 1682 1905
1 342 610 755 1333 1355 1356 1381 1403 1404 1442 1447 1451 1452 1457 1467 1481 1485 1486 1537 1549 1646 1682 1695 1905
107 115 284 304 328 342 540 1346 1362 1363 1376 1396 1522 1550 1628 1630 1708 1725 1726 1755 1756 1904
30 500 599 1336 1363 1371 1383 1402 1471 1533 1550 1563 1583 1590 1629 1630 1668 1740 1882 1883
500 1383 1421 1471 1550 1629 1630 1740
284 686 781 1362 1373 1382 1393 1417 1424 1451 1455 1475 1583 1594 1605 1668 1717 1827 1860
284 328 686 781 1346 1362 1368 1373 1375 1376 1382 1387 1393 1394 1417 1423 1434 1435 1436 1439 1440 1451 1453 1455 1458 1475 1583 1594 1605 1623 1624 1625 1668 1679 1717 1726 1807 1827 1860
107 284 610 722 723 1333 1347 1381 1394 1402 1417 1436 1443 1541 1729 1743 1749
1 71 72 115 610 643 722 1346 1363 1381 1396 1403 1404 1438 1443 1482 1485 1486 1577 1628
231 284 1346 1403 1428 1429 1433 1434 1435 1436 1438 1439 1451 1458 1500 1623 1624 1689 1690 1691 1828 1850
1429 1850
663 1363 1401 1402 1618 1631 1632 1848 1850 2019
782 1431 1432 1463 1464 1859
229 231 782 1333 1352 1353 1355 1411 1419 1430 1432 1447 1463 1464 1518 1549 1566 1567 1748 1859
23 36 107 269 284 300 342 608 609 610 611 614 615 616 631 643 653 686 747 755 810 1333 1346 1347 1352 1353 1355 1356 1362 1363 1371 1373 1374 1377 1393 1394 1402 1417 1419 1431 1436 1437 1447 1451 1452 1453 1455 1463 1464 1467 1478 1488 1491 1496 1498 1506 1518 1540 1549 1557 1558 1559 1566 1567 1582 1605 1606 1671 1709 1744 1745 1763 1769 1802 1803 1804 1829 1830 1859 1872 1876 1917
1429 1434 1435 1436 1451 1623 1624 1850
1596 1951
107 686 688 689 690 1347 1363 1368 1374 1392 1402 1403 1434 1438 1458 1509 1542 1543 1544 1545 1546 1547 1596 1611 1625 1757 1818 1938 1939 1940 1951
22 23 36 631 794 1339 1371 1382 1402 1480 1709 1802
1 22 23 26 229 231 284 304 599 686 690 753 1333 1363 1364 1368 1371 1390 1391 1392 1403 1404 1417 1426 1431 1435 1438 1445 1446 1460 1463 1464 1487 1507 1509 1513 1514 1518 1521 1542 1544 1547 1548 1549 1560 1561 1562 1577 1582 1625 1632 1640 1672 1692 1710 1732 1733 1734 1757 1763 1765 1788 1798 1819 1832 1834 1859 1862 1869 1894 1908 1911 1928 1946 2031 2071 2072
1 22 23 26 284 304 643 686 690 722 753 1333 1363 1368 1371 1390 1391 1392 1402 1403 1404 1417 1419 1426 1429 1431 1435 1437 1445 1446 1460 1463 1464 1487 1507 1509 1518 1521 1542 1544 1547 1548 1549 1577 1625 1632 1640 1672 1710 1757 1763 1765 1788 1798 1818 1839 1859 1869 1889 1894 1911 1928 1941 1946 2031 2070 2071 2072
1 115 231 269 284 285 304 328 610 643 663 686 722 745 810 1333 1334 1335 1336 1346 1352 1353 1354 1363 1371 1373 1374 1375 1376 1381 1382 1383 1387 1392 1394 1405 1417 1424 1426 1432 1433 1434 1435 1436 1440 1451 1453 1454 1455 1458 1472 1475 1478 1485 1486 1487 1498 1499 1500 1511 1535 1536 1550 1551 1582 1623 1624 1625 1629 1630 1638 1643 1652 1679 1725 1726 1730 1768 1849 1863 2055
1368 1373 1394 1424 1434 1435 1436 1439 1451 1458 1623 1624 1807
500 1336 1347 1383 1421 1442 1471 1563 1583 1590 1668
1336 1355 1362 1373 1374 1451 1457 1563 1631 1632 1827
124 284 610 1381 1382 1417 1485 1486 1785 1887
498 500 1362 1382 1383 1385 1387 1392 1394 1402 1439 1445 1451 1453 1454 1455 1458 1460 1521 1570 1658 1711 1740 1741 1777 1818 1827
21 22 23 107 269 284 498 500 686 722 723 745 1333 1347 1352 1353 1362 1363 1374 1382 1383 1385 1387 1392 1394 1402 1410 1421 1429 1439 1444 1446 1451 1453 1454 1455 1458 1460 1471 1475 1498 1499 1510 1511 1518 1521 1528 1547 1570 1611 1652 1658 1672 1711 1729 1740 1741 1765 1777 1818 1827
1444 1445 1672
342 1355 1356 1451 1452 1457
90 115 328 1339 1346 1363 1410 1450 1617 1618 1619 1620 1725 1726
1 33 90 115 328 433 504 505 1339 1346 1363 1368 1373 1404 1450 1609 1725 1726 1807 1878 1933
90 115 284 304 328 1346 1363 1396 1439 1448 1449 1453 1454 1455 1725 1726
107 115 124 229 285 328 342 747 1334 1346 1355 1356 1357 1358 1359 1362 1363 1371 1376 1382 1383 1387 1394 1396 1398 1399 1400 1402 1417 1432 1436 1439 1444 1445 1447 1452 1453 1455 1457 1458 1499 1504 1522 1550 1557 1558 1559 1575 1576 1578 1582 1583 1584 1618 1625 1629 1630 1631 1632 1668 1673 1674 1719 1720 1725 1726 1753 1765 1791 1792 1827 1838
1355 1356 1357 1358 1451 1457 1499
107 284 285 300 304 615 643 810 1333 1335 1336 1347 1371 1373 1374 1382 1386 1387 1392 1393 1394 1402 1417 1421 1424 1429 1432 1435 1436 1439 1442 1444 1445 1451 1454 1455 1458 1471 1478 1479 1487 1491 1500 1528 1544 1546 1547 1550 1574 1582 1606 1618 1623 1624 1629 1630 1657 1726 1730 1735 1757 1777 1818 2055
284 285 304 1359 1371 1382 1386 1387 1392 1394 1395 1402 1417 1421 1424 1432 1435 1439 1444 1445 1451 1453 1455 1458 1471 1477 1487 1500 1518 1528 1544 1546 1547 1550 1582 1616 1629 1630 1757 1777 1818
107 269 284 285 304 328 342 686 1333 1336 1346 1355 1356 1363 1371 1373 1375 1376 1382 1387 1393 1394 1402 1417 1424 1432 1439 1447 1451 1452 1453 1454 1458 1487 1496 1498 1500 1549 1550 1578 1582 1605 1625 1629 1630 1671 1679 1726 1730 1744 1745 1795 1796 1803 1804 1829 1830 1876 2055
22 23 30 269 599 631 670 794 1336 1371 1392 1402 1563 1583 1662 1663 1668 1709
1 342 1333 1355 1356 1357 1358 1397 1402 1405 1436 1447 1451 1452 1498 1518 1554 1555 1556 1671 1673 1674
1 107 115 124 231 269 284 285 328 500 547 610 615 653 663 686 722 782 1333 1334 1335 1336 1338 1339 1341 1346 1347 1355 1356 1357 1358 1359 1362 1363 1371 1373 1381 1382 1383 1385 1387 1392 1394 1402 1405 1417 1424 1432 1436 1437 1439 1440 1445 1451 1453 1454 1455 1459 1460 1461 1477 1478 1479 1485 1486 1499 1500 1501 1521 1533 1549 1563 1580 1581 1582 1583 1606 1623 1624 1625 1631 1632 1643 1658 1668 1689 1690 1691 1717 1720 1725 1726 1759 1763 1769 1777 1792 1827 2017 2067
269 389 610 722 1333 1334 1335 1336 1338 1355 1356 1357 1358 1359 1362 1363 1381 1395 1405 1458 1460 1461 1463 1464 1472 1478 1485 1486 1501 1528 1611 1616 1718 1759 1906 1925 1931
0 1 1333 1334 1363 1391 1392 1402 1405 1417 1471 1498 1504 1518 1547 1551 1554 1555 1556 1570 1579 1625 1749 1818 1869

610 770 1463 1464 1465 1466 2000
1 33 71 123 124 269 284 285 304 342 389 610 686 722 723 770 1336 1346 1352 1353 1354 1355 1356 1381 1411 1415 1419 1436 1451 1452 1453 1458 1459 1462 1464 1465 1466 1471 1485 1486 1495 1499 1500 1501 1527 1538 1548 1549 1550 1567 1588 1599 1600 1603 1623 1624 1689 1690 1691 1699 1718 1736 1737 1794 1809 1810 1828 1835 1859 1864 1884 1894 1906 1952 2000 2002 2049
1 33 71 123 124 269 284 285 304 342 389 610 722 723 745 770 1336 1346 1352 1353 1354 1355 1356 1381 1411 1415 1419 1436 1451 1452 1453 1458 1459 1462 1463 1465 1466 1471 1485 1486 1495 1499 1500 1501 1527 1538 1549 1550 1567 1599 1600 1603 1616 1623 1624 1689 1690 1691 1699 1718 1736 1737 1794 1809 1810 1828 1835 1859 1884 1894 1906 1952 2000
284 610 722 723 770 1338 1381 1466 1485 1486
107 284 610 611 722 723 770 1338 1347 1381 1394 1465 1485 1486 1589 1729 1759
23 94 107 115 300 328 614 616 755 1346 1347 1355 1363 1372 1373 1374 1392 1396 1402 1436 1457 1468 1469 1471 1488 1489 1490 1499 1550 1618 1629 1630 1646 1647 1682 1725 1726 1976
94 115 328 1346 1363 1396 1467 1469 1550 1618 1629 1630 1725 1726 1976
24 26 94 115 328 1346 1363 1375 1376 1396 1467 1468 1550 1618 1629 1630 1725 1726 1976
23 30 599 614 631 649 707 724 1336 1355 1358 1371 1377 1382 1402 1417 1421 1432 1451 1456 1471 1590 1673 1674 1687 1709 1711 1712 1845 1882 1883 1887 1899
23 30 229 231 269 500 540 599 614 631 649 707 724 810 1333 1334 1336 1346 1355 1358 1359 1360 1361 1363 1368 1371 1373 1377 1382 1383 1386 1395 1402 1405 1417 1421 1432 1436 1439 1451 1456 1457 1460 1463 1464 1470 1472 1497 1498 1499 1512 1533 1563 1583 1590 1609 1610 1611 1625 1628 1665 1668 1673 1674 1679 1687 1709 1711 1712 1731 1807 1831 1845 1859 1863 1868 1882 1883 1887 1899 1968
229 231 269 284 389 540 722 810 1334 1346 1359 1360 1361 1368 1373 1382 1386 1395 1439 1459 1463 1464 1471 1501 1512 1528 1609 1610 1611 1625 1628 1665 1679 1718 1731 1807 1831 1863 1868 1906 1924 1968
1402 1436
123 284 285 328 329 686 1333 1346 1352 1355 1376 1386 1409 1410 1445 1509 1547 1616 1669 1670 1708 1765 1904 1950
62 107 108 269 599 643 722 745 753 1354 1355 1362 1364 1408 1419 1426 1438 1499 1511 1549 1640 1667 1789 1834
33 124 284 304 1392 1445 1446 1460 1487 1495 1499 1500 1567 1599 1600 1601 1602 1662 1663 1747 2062
23 500 614 649 650 1333 1335 1336 1362 1382 1383 1385 1386 1387 1392 1402 1405 1416 1421 1445 1451 1471 1478 1563 1565 1583 1659 1668 1687 1768 1777 1827
1 22 23 282 284 341 342 794 1335 1336 1347 1352 1362 1363 1371 1382 1402 1405 1413 1417 1432 1436 1437 1451 1458 1479 1563 1582 1623 1624 1643 1689 1690 1691 1723 1724 1763 1768 1769
1347 1362 1363 1417 1432 1478

755 1355 1402 1436 1457 1471 1499 1646 1647 1682
610 1336 1381 1382 1402 1426 1443 1483 1484 1485 1486 1563 1637 1721 1722 1743
610 1336 1381 1382 1426 1443 1482 1485 1486 1563 1637
610 1381 1426 1443 1482 1485 1486
610 1381
284 610 1381 1443 1485
107 284 304 342 686 1355 1363 1393 1407 1445 1446 1451 1504 1548 1583 1584 1838
23 107 300 614 616 755 1347 1363 1372 1373 1374 1392 1467 1489 1490
1516 1571 1761 1770 1772 1773 1774 1775 1776
547 1363 1392 1436 1458 1625 2067
23 107 300 614 615 616 643 663 686 722 755 782 810 1347 1374 1413 1414 1415 1445 1458 1467 1488
1 1415 1493
1436 1451 1623 1624
1 284 342 686 1333 1355 1356 1363 1393 1397 1402 1405 1451 1452 1455 1457 1495 1498 1504 1518 1554 1555 1556 1578 1579 1605 1727 1876 1910
1 284 342 686 1333 1355 1356 1363 1392 1393 1397 1402 1405 1451 1452 1455 1457 1460 1471 1494 1498 1499 1504 1518 1554 1555 1556 1567 1578 1579 1583 1584 1599 1600 1601 1602 1605 1661 1662 1663 1727 1876 1879 1910
269 285 670 1346 1363 1373 1392 1456 1471 1497 1498 1499 1527 1616 1662 1711 1712 1717 1828
124 1333 1498 1499 1720 1792 1974
1 21 22 23 70 71 115 124 269 324 342 643 663 722 745 1333 1334 1336 1346 1352 1353 1355 1356 1363 1374 1382 1383 1396 1397 1402 1405 1421 1426 1445 1451 1452 1457 1471 1472 1475 1499 1510 1511 1514 1518 1528 1551 1554 1555 1556 1560 1561 1562 1563 1578 1579 1590 1596 1626 1627 1643 1652 1653 1654 1655 1720 1725 1726 1727 1743 1792 1801 1855 1865 1974 2021
1 23 33 36 62 72 107 108 123 124 269 273 342 547 599 614 643 649 650 663 686 707 709 722 724 745 753 755 1333 1335 1336 1339 1342 1347 1348 1349 1352 1354 1355 1356 1357 1358 1362 1363 1364 1368 1370 1371 1377 1382 1392 1393 1394 1402 1405 1408 1417 1419 1424 1426 1432 1436 1438 1440 1445 1447 1449 1451 1452 1458 1460 1463 1464 1471 1472 1473 1475 1477 1478 1497 1498 1510 1511 1518 1534 1541 1544 1548 1549 1554 1555 1556 1567 1580 1581 1599 1600 1602 1603 1604 1611 1625 1632 1634 1640 1643 1646 1647 1652 1661 1664 1667 1669 1670 1673 1674 1682 1693 1694 1699 1701 1719 1720 1727 1739 1742 1746 1758 1760 1761 1768 1779 1780 1786 1787 1789 1790 1792 1793 1794 1802 1805 1808 1817 1820 1834 1848 1861 1879 1971 1974 1995 1996 2017 2019 2023 2038 2051 2067
1 107 115 124 231 284 285 304 342 686 745 1333 1336 1363 1373 1374 1392 1394 1402 1411 1439 1451 1453 1458 1499 1504 1567 1571 1574 1578 1583 1584 1599 1600 1601 1602 1605 1643 1661 1662 1663 1720 1725 1726 1730 1792 1863 1881
269 389 1334 1359 1360 1361 1392 1395 1458 1459 1472 1611 1616 1625
269 342 1355 1356 1447 1451 1452 1457 2026
269 342 1355 1356 1447 1451 1452 1457 2026
115 1346 1363 1396 1725 1726
1 1335 1336 1347 1402 1405 1417 1432 1458 1477 1478 1580 1581 1643 1768
608 609 610 611 615 643 1381 1393 1394 1485 1486
115 610 1363 1381 1485 1486 1725 1726
500 615 734 1333 1359 1382 1383 1405 1494 1495 1518 1524 1743 1801
23 72 269 500 614 615 686 1350 1351 1368 1383 1393 1407 1435 1528 1544 1548 1625 1665 1680 1681 1757 1784
21 22 23 269 745 1333 1352 1353 1374 1445 1475 1498 1499 1511 1518 1528 1652
21 22 23 269 745 1333 1352 1353 1374 1475 1498 1499 1518 1652
229 231 269 1334 1346 1359 1360 1361 1395 1411 1513 1514 1539 1540 1560 1561 1562 1611 1616
229 231 269 310 326 540 1334 1344 1346 1359 1360 1361 1395 1411 1514 1560 1561 1562 1609 1610 1611 1616
229 231 269 310 326 500 540 547 1334 1344 1346 1359 1360 1361 1362 1373 1383 1394 1395 1402 1411 1417 1423 1424 1436 1458 1471 1513 1540 1550 1555 1560 1561 1562 1571 1597 1598 1609 1610 1611 1616 1726 1818 1852 1858 1908
124 269 284 810 1334 1339 1344 1346 1359 1360 1361 1382 1386 1395 1402 1439 1471 1472 1499 1516 1609 1610 1611 1628 1687 1815 1816 1817 2039
124 229 269 284 810 1334 1339 1344 1346 1353 1359 1360 1361 1382 1386 1395 1402 1439 1471 1472 1499 1515 1540 1550 1571 1603 1609 1610 1611 1628 1687 1761 1770 1772 1773 1774 1775 1776 1794 1815 1816 1817 1936 1937 1975 2039
23 643 722 1347 1355 1358 1363 1402 1426 1436 1451 1475 1478 1480 1499 1533 1565 1652 1673 1674 1687
1 21 22 23 33 269 284 304 342 643 722 724 745 1333 1334 1336 1347 1355 1356 1358 1359 1363 1382 1383 1386 1387 1392 1394 1397 1402 1405 1417 1421 1426 1431 1432 1435 1436 1444 1445 1451 1452 1457 1458 1471 1475 1478 1480 1487 1498 1499 1511 1517 1528 1533 1541 1544 1546 1547 1554 1555 1556 1565 1566 1567 1579 1596 1599 1600 1618 1652 1673 1674 1686 1687 1727 1743 1752 1757 1768 1777 1801 1818 1851 1865 2021
107 300 663 782 1424 1440 1453 1454 1518 1546 1547
107 300 663 753 782 1424 1440 1453 1454 1518 1546 1547 1640
285 690 1339 1362 1371 1382 1387 1394 1402 1417 1432 1444 1445 1451 1458 1547 1582 1710 1827
107 115 284 285 328 342 1346 1355 1363 1376 1392 1396 1451 1500 1504 1527 1550 1583 1584 1616 1618 1628 1629 1630 1650 1662 1663 1719 1725 1726 1828 1838
21 23 724 1339 1363 1402 1959
1333 1336 1359 1382 1405 1518 1686 1743 1768 1801
284 722 1335 1336 1417 1432 1437 1478 1479 1589 1763 1768
269 284 304 328 1344 1346 1392 1395 1471 1487 1496 1609 1610 1611 1662 1663 1711 1712
90 285 328 329 1339 1346 1450 1616 1625 1679 1708 1828
115 268 269 500 722 1362 1363 1383 1385 1392 1394 1445 1458 1472 1725 1726 1777
1 1368 1404
1 1368 1404
284 599 610 722 723 1347 1354 1355 1356 1357 1358 1362 1364 1365 1366 1371 1381 1417 1432 1478 1485 1486 1509 1532 1582
500 599 615 1364 1383
1382
33 36 123 273 599 643 650 663 722 1342 1352 1353 1354 1355 1357 1363 1364 1402 1417 1419 1426 1436 1445 1451 1463 1464 1475 1498 1499 1510 1511 1518 1541 1549 1599 1600 1646 1647 1652 1669 1670 1742 1758 1760 1761 1768 1787 1802 1805 1820 1848 1971 1996 2019
107 284 300 610 615 643 722 810 1335 1336 1339 1363 1381 1402 1405 1419 1439 1443 1458 1478 1485 1486 1499 1507 1536 1549 1646 1647 1743 1759 1768 1849 1910 2039
284 610 615 643 1381 1402 1443 1485 1486 1743 1910
1355 1457
1 1336 1352 1353 1354 1415 1436 1451 1453 1458 1463 1464 1623 1624 1689 1690 1691 1736 1737 1835
269 342 540 1346 1395 1451 1513 1514 1540 1560 1561 1562 1575 1576 1625 1791
23 269 500 614 1334 1344 1346 1359 1360 1361 1362 1363 1382 1383 1392 1395 1417 1458 1514 1528 1560 1561 1562 1609 1610 1611 1616 1872 1964 1965
21 22 23 724 1333 1402 1405 1417 1425 1436 1498 1518 1727 1749
1 690 1371 1402 1403 1404 1417 1426 1438 1521 1547 1710 1941 2070
107 1347 1363 1368 1374 1435 1544 1545 1546 1547 1625 1757
72 107 269 686 745 1347 1350 1363 1368 1374 1393 1407 1435 1463 1464 1509 1511 1543 1545 1546 1547 1548 1625 1664 1757 1784 1895
107 1347 1363 1374 1435 1543 1544 1546 1547
26 115 284 304 1346 1363 1390 1391 1392 1403 1438 1487 1547 1725 1726 1869 1941 2070
26 115 284 304 1333 1346 1347 1363 1390 1391 1392 1403 1405 1417 1426 1432 1438 1478 1487 1504 1546 1628 1725 1726 1869 1892 1922 1941 2070
33 72 124 269 284 304 342 686 745 1348 1349 1350 1355 1356 1392 1393 1407 1419 1447 1451 1452 1460 1463 1495 1499 1500 1511 1549 1567 1599 1602 1603 1604 1661 1662 1663 1747 1790 1808 1864 1990 2002 2051
1 33 269 342 610 1355 1356 1381 1403 1404 1419 1447 1451 1452 1457 1458 1485 1486 1499 1548 1555 1583 1599 1600 1693 1695
107 115 123 269 328 342 540 745 1333 1346 1353 1355 1362 1363 1372 1392 1405 1451 1463 1464 1471 1498 1511 1518 1522 1553 1629 1630 1662 1663 1725 1726 1838 1859 1890 1937 2060
1 269 643 663 722 745 1333 1334 1336 1352 1353 1363 1382 1383 1402 1421 1426 1471 1472 1475 1498 1499 1511 1554 1555 1556 1563 1590 1643 1652 1743 1801
1 1333 1402 1403 1404 1405 1426 1498 1518 1553 1554 1555 1556 1677
1 269 328 745 1333 1334 1346 1368 1372 1376 1397 1402 1403 1404 1405 1426 1498 1518 1551 1552 1554 1555 1556 1579 1646 1677 1728 2060
1402 1555 1556
500 696 1336 1383 1402 1509 1554 1556 1620 1752 1818 1852 2011 2012
1402 1554 1555
1513 1514 1560 1561 1562
1513 1514 1560 1561 1562
1513 1514 1560 1561 1562
269 1346 1395 1411 1571
269 1346 1395 1411 1571
269 1346 1395 1411 1571
1336
22 23 617 643 722 1426 1442 1565
643 722 1336 1426 1563
1333 1355 1431 1432 1518 1567 1748
1 33 72 342 686 1333 1355 1356 1368 1392 1393 1407 1415 1431 1432 1451 1452 1458 1460 1499 1518 1548 1566 1599 1600 1601 1602 1603 1604 1661 1662 1663 1688 1701 1747 1748 1788 2050
30 755 1335 1355 1364 1418 1419 1442 1457 1467 1481 1499 1537 1549 1603 1606 1646 1647 1682 1794 1993 1994
30 755 1355 1364 1418 1419 1442 1457 1467 1481 1499 1537 1549 1603 1646 1647 1682 1794 1993 1994
1363 1402 1460 1504 1818
1411 1439 1453 1455
19 107 284 328 1336 1372 1453 1500 1574 1904
19 107 284 328 1336 1372 1453 1500 1574 1904
107 284 1333 1336 1500 1730
1 124 342 1334 1355 1357 1358 1362 1363 1382 1383 1402 1436 1445 1451 1499 1504 1554 1555 1556 1576 1583 1584 1625 1643 1648 1650 1651 1665 1673 1674 1720 1753 1765 1791 1792 1818 1820 1827 1980
124 342 1355 1358 1362 1382 1402 1436 1445 1451 1499 1575 1583 1584 1625 1673 1674 1720 1753 1765 1791 1792 1827
1 1402 1403 1404 1818
342 1333 1355 1356 1402 1451 1452 1457 1554 1555 1556 1881
342 1333 1334 1355 1356 1383 1402 1405 1451 1452 1457 1498 1518 1554 1555 1556 1578 1596 1727 1865
1335 1336 1347 1371 1405 1417 1432 1437 1458 1478 1479 1581 1582 1763 1769
1335 1336 1347 1371 1405 1417 1424 1432 1437 1439 1455 1458 1478 1479 1499 1549 1580 1582 1763 1769

107 115 328 342 1346 1355 1356 1359 1363 1396 1398 1451 1452 1504 1522 1668 1725 1726 1838
22 23 107 115 328 342 794 1346 1355 1356 1359 1363 1396 1398 1451 1452 1504 1522 1583 1668 1725 1726 1838
500 614 778 1383 1509 1586 1955
269 500 614 778 1383 1459 1472 1509 1585 1955 2020
284 610 722 723 1381 1419 1485 1486 1549
284 342 610 722 723 1355 1356 1381 1419 1451 1452 1485 1486 1499 1549
107 284 300 610 722 1336 1347 1374 1381 1485 1486 1759 1768 1910
30 500 599 1336 1363 1371 1383 1402 1421 1471 1533 1563 1882 1883
1392 1410 1458 1463 1464 1592 1593
1392 1410 1458 1463 1464 1527 1593
284 285 1411 1463 1464 1810
269 284 686 781 1334 1336 1363 1373 1382 1383 1393 1402 1416 1421 1436 1444 1445 1451 1455 1458 1471 1477 1496 1504 1578 1590 1605 1621 1622 1623 1624 1689 1690 1691 1713 1717 1740 1768 1899 1972 1985
500 1383 1402 1554 1555 1556 1596 1597
273 328 500 663 1346 1363 1371 1383 1396 1402 1417 1432 1509 1554 1555 1556 1595 1597 1665 1678 1679 1680 1681 1848 1971
115 500 1363 1383 1725 1726 1853 1854
229 231 310 326 500 1362 1383 1411 1417 1423 1424 1513 1514 1597 1908
33 72 83 124 284 304 1348 1349 1368 1392 1460 1495 1499 1500 1567 1600 1601 1602 1603 1604 1661 1662 1663 1688 1694 1747 1808
33 124 284 304 1368 1392 1460 1495 1499 1500 1567 1599 1601 1602 1603 1604 1661 1662 1663 1694 1747
33 1368 1392 1460 1567 1599 1602 1604 1661 1662 1663 1747
33 269 284 304 486 1346 1368 1392 1395 1460 1495 1500 1514 1560 1561 1562 1567 1599 1600 1601 1604 1661 1662 1663 1747
33 72 123 124 686 1348 1349 1350 1368 1370 1371 1393 1402 1407 1436 1463 1464 1499 1544 1548 1599 1600 1604 1646 1647 1664 1699 1794 1995 2002
33 72 83 124 686 1348 1349 1368 1392 1393 1407 1499 1548 1567 1599 1603 1661 1662 1663 1688 1808
107 269 284 304 686 1333 1402 1405 1455 1496 1500 1578
107 653 1335 1336 1347 1374 1392 1393 1394 1405 1417 1432 1436 1442 1451 1453 1458 1478 1479 1563 1623 1624 1657
269 1346 1395 1609 1610 1611
269 1346 1395 1609 1610 1611
269 1346 1395
269 1346 1395
1 269 498 500 1334 1336 1344 1346 1359 1360 1361 1368 1373 1383 1395 1404 1441 1449 1471 1472 1509 1512 1563 1583 1609 1610 1616 1625 1628 1668 1683 1807 1925 1931


269 498 500 1334 1336 1344 1346 1359 1360 1361 1383 1395 1441 1471 1472 1512 1563 1583 1609 1610 1611 1616 1625 1628 1668 1683
269 498 500 1334 1336 1344 1346 1359 1360 1361 1383 1395 1441 1471 1472 1512 1563 1583 1609 1610 1611 1616 1625 1628 1668 1683
269 745 1611
1410 1448 1618 1619 1620
1410 1429 1448 1617 1619 1620 1631 1632
1410 1448 1617 1618 1620

1436 1451 1623 1624
1436 1451 1623 1624


1 70 71 269 328 557 745 1336 1368 1372 1373 1404 1458 1553 1646 1717 1722 1728 1753 1768 1886 2060
70 71 115 269 324 1346 1363 1396 1445 1498 1510 1511 1514 1528 1560 1561 1562 1627 1653 1654 1655 1725 1726 1855

229 231 269 328 540 610 770 810 1334 1346 1359 1360 1361 1368 1373 1382 1386 1395 1396 1426 1429 1439 1471 1472 1512 1609 1610 1611 1618 1625 1665 1679 1731 1753 1807 1831 1863 1868 1896 1922 1968 2074
540 1550
107 115 328 342 540 1346 1355 1363 1451 1522 1550 1629 1725 1726 1838
1336 1382 1386 1387 1563 1583 1625 1632 1633 1668 1753
1 328 1346 1362 1363 1368 1382 1404 1473 1583 1618 1625 1631 1633 1668 1753 1798 1799

747 1346 1402 1417 1540 1557 1558 1559 1872
1333 1334 1402 1405 1417 1498 1518 1551 1554 1555 1556 1579 1749
1333 1334 1402 1405 1417 1498 1518 1551 1554 1555 1556 1579 1749
610 1336 1381 1382 1402 1426 1443 1482 1483 1484 1485 1486 1563 1721 1722 1743
284 1363 1507
753 1640

269 599 653 1333 1334 1346 1350 1359 1360 1361 1362 1363 1364 1386 1392 1394 1395 1402 1417 1456 1458 1471 1472 1531 1616 1628 1646 1728 1774 1880 1964 1969 1970
269 599 653 1333 1334 1346 1350 1359 1360 1361 1362 1363 1364 1386 1392 1394 1395 1402 1417 1456 1458 1471 1472 1531 1616 1628 1646 1728 1774 1880 1964 1969 1970
1 643 722 1336 1347 1352 1353 1362 1363 1371 1392 1397 1403 1404 1415 1417 1426 1436 1451 1458 1475 1478 1499 1582 1623 1624 1652 1768
1 1352 1353 1392 1415 1436 1451 1458 1623 1624 1643
1 1352 1353 1392 1415 1436 1451 1458 1623 1624 1643
1 23 36 72 124 269 650 709 724 755 1339 1355 1357 1368 1370 1371 1402 1404 1426 1436 1449 1451 1499 1544 1602 1603 1632 1633 1647 1664 1682 1720 1792 1794 1802 1807 1820 1986 1987 1989 2038
23 36 124 650 709 724 755 1339 1355 1357 1368 1370 1371 1402 1436 1451 1499 1544 1603 1646 1664 1682 1720 1792 1794 1802 1820
1 342 1355 1357 1363 1382 1402 1451 1504 1554 1555 1556 1583 1584 1643 1650 1651 1665 1818 1820 1980
1 342 1355 1357 1363 1382 1402 1451 1504 1554 1555 1556 1583 1584 1643 1648 1650 1651 1665 1818 1820 1980
1 107 115 328 342 1346 1355 1357 1363 1376 1382 1402 1451 1504 1522 1550 1554 1555 1556 1583 1584 1618 1629 1630 1643 1648 1651 1665 1719 1725 1726 1818 1820 1838 1980
1 342 1355 1357 1363 1382 1402 1451 1504 1554 1555 1556 1583 1584 1643 1648 1650 1665 1818 1820 1980
269 599 643 722 745 1354 1364 1426 1511
1445 1498 1510 1511
1445 1498 1510 1511
1445 1498 1510 1511
1336 1382 1386 1387 1563 1583 1668
1373 1374
285 1371 1382 1387 1417 1432 1451 1582
284 1336 1347 1355 1356 1357 1358 1371 1382 1417 1478 1582 1768
72 269 745 1346 1351 1355 1374 1445 1451 1498 1510 1511 1528 1661 1671 1828 1967 2035
33 72 269 342 686 745 1346 1355 1356 1368 1374 1392 1393 1407 1445 1451 1452 1460 1498 1510 1511 1528 1548 1567 1599 1602 1603 1604 1660 1662 1663 1671 1688 1701 1747 1788 1828 1967 2035 2050
1392 1663

19 115 269 284 304 328 745 1333 1346 1363 1372 1376 1392 1396 1405 1463 1464 1487 1498 1504 1511 1518 1544 1550 1629 1630 1662 1663 1725 1726 1895
1 33 72 686 1348 1349 1350 1368 1393 1402 1404 1407 1509 1548 1578 1599 1603 1604 1680 1681 1912 1913 1999
1 1368 1404
33 36 62 107 108 123 273 599 650 753 1333 1355 1357 1362 1364 1402 1408 1419 1436 1438 1451 1463 1464 1475 1499 1549 1599 1600 1625 1640 1646 1647 1719 1779 1780 1789 1793 1802 1820 1834 1848 1861 1971 1996

33 71 123 284 304 342 1355 1356 1451 1452 1463 1464 1495 1500 1502 1503 1567 1599 1600 1670 1748 1809
33 71 123 284 304 342 1355 1356 1451 1452 1463 1464 1495 1500 1502 1503 1567 1599 1600 1669 1748 1809
342 1355 1356 1358 1447 1451 1452 1673 1674
610 615 643 1381 1393 1394 1485 1486 1506

1347 1355 1356 1357 1358 1442 1457
1352 1353
1352 1353
1 328 1333 1334 1346 1376 1397 1402 1405 1498 1518 1551 1554 1555 1556 1579
328 1346 1396 1509 1596 1665 1679 1680 1681
284 304 328 500 610 770 810 1346 1368 1373 1396 1429 1509 1596 1618 1625 1665 1678 1680 1681 1731 1753 1807 1868 1902 2074


755 1355 1646
498 500 1336 1362 1363 1394 1458 1563 1583 1668
1 23 614 617 745 1333 1374 1397 1405 1498 1518
33 72 686 1348 1349 1350 1393 1407 1548 1599 1603 1604 1808
23 643 722 1382 1402 1416 1426 1565 1687
23 30 36 599 614 617 631 643 649 650 707 722 755 1333 1339 1371 1382 1402 1417 1426 1432 1436 1480 1499 1517 1518 1565 1646 1647 1674 1686 1709 1727 1786 1802 1887 2039




686 1363 1402 1611 1818
124 342 1355 1356 1358 1363 1382 1402 1436 1447 1451 1452 1499 1549 1554 1555 1556 1567 1673 1674 1701 1720 1739 1792 1817 1879
33 124 342 686 1348 1349 1355 1356 1451 1452 1460 1471 1499 1549 1567 1599 1600 1603 1604 1661 1693 1699 1790 1808 2051
610 1355 1381 1419 1447 1485 1486 1549
107 284 722 723 1347 1394 1429 1547 1729
269 745 1335 1606
1 1333 1334 1397 1402 1405 1498 1518 1551 1554 1555 1556 1579
342 686 1355 1356 1393 1451 1452 1499 1548
1567 1701

284 610 810 1335 1336 1381 1405 1439 1443 1458 1478 1485 1486 1768 1849
30 229 599 1402 1417 1436 1456 1470 1471 1845 1887
229 1402 1417 1436 1470 1471 1845 1887
33 72 124 269 670 1350 1392 1456 1460 1499 1599 1602 1603 1604 1662 1665 1694 1706 1747 1925 1926
33 72 124 269 670 1350 1392 1456 1460 1499 1567 1599 1602 1603 1604 1661 1662 1665 1694 1705 1747 1925 1926 1949
107 284 304 328 342 1346 1460 1487 1522 1550 1599 1602 1630 1747 1904
107 284 285 326 328 329 342 1346 1362 1376 1392 1396 1411 1420 1522 1550 1625 1630 1662 1663 1679 1755 1756 1904
2079 2081 2085 2086 2114 2120 2151 2155 2159 2160

107 284 500 1333 1382 1383 1386 1387 1405 1460 1471 1497 1498 1499 1500 1570 1712
1333 1405 1471 1497 1498 1499 1711
284 686 1363 1382 1393 1402 1455 1504 1578 1605
229 231 1411
1363 1504 1964
1362
1336 1373 1768
269 389 1459 1463 1464 1501 1906
328 1346 1353 1363 1392 1471 1550 1662 1663 1937
72 124 269 342 1355 1356 1449 1451 1452 1497 1498 1499 1602 1632 1646 1647 1693 1790 1792 1817 2023 2038

1458
284 1362 1382 1392 1417 1436 1439 1445 1451 1453 1454 1455 1458 1478 1498 1510 1521 1580 1581 1623 1624 1658
1362 1382 1392 1417 1436 1439 1445 1451 1453 1454 1455 1458 1478 1498 1510 1521 1580 1581 1623 1624 1658

1 115 328 1336 1346 1363 1394 1458 1563 1643 1725
21 22 23 30 599 614 617 1333 1339 1355 1358 1363 1371 1382 1402 1405 1417 1432 1436 1451 1457 1498 1518 1533 1671 1673 1674
1 72 269 1368 1404 1426 1449 1602 1632 1633 1646 1807 1986 2038
107 610 722 1347 1374 1381 1443 1485 1486

1 107 231 284 810 1347 1368 1373 1374 1394 1424 1426 1439 1458 1500 1726 1735 1807 1868 1986
107 229 231 284 599 610 722 723 753 770 1347 1363 1364 1381 1435 1437 1438 1465 1466 1485 1486 1507 1513 1514 1549 1560 1561 1562 1640 1665 1692 1733 1734 1819 1832 1834 1862 1908
284 1437 1549 1732 1734 1819
1665 1732
33 231 269 284 433 810 1336 1344 1346 1362 1368 1373 1394 1395 1424 1429 1436 1439 1451 1453 1458 1500 1609 1610 1611 1618 1623 1624 1631 1632 1723 1726 1731 1807 1868 2015 2024 2025
1436 1451 1623 1624
1436 1451 1623 1624
232 500 610 1362 1371 1380 1381 1382 1388 1402 1403 1417 1426 1438 1443 1482 1483 1484 1485 1486 1542 1549 1637 1743

107 284 500 1333 1382 1383 1386 1387 1405 1460 1500 1570 1711 1712
107 284 500 1333 1382 1383 1386 1387 1405 1460 1500 1570 1711 1712

30 610 1371 1381 1402 1412 1417 1432 1436 1443 1480 1485 1486 1910
342 1333 1355 1356 1402 1405 1451 1452 1457 1498 1518 1554 1555 1556 1579
342 1333 1355 1356 1402 1405 1451 1452 1457 1498 1518 1554 1555 1556 1579
33 124 1362 1363 1473 1499 1599 1604 1625 1694 1790 1808
284 304 328 1346 1362 1376 1382 1386 1387 1392 1396 1420 1487 1662 1663 1708 1719 1811 1812 1871
342 1355 1356 1447 1451 1452

1410 1417 1471 1472 1509 1628 1752
1410 1417 1471 1472 1509 1628 1752
284 304 1336 1355 1402 1457 1500 1518 1665 1818
1373 1625 1717
30 599 1336 1371 1382 1402 1416 1421 1471 1563 1583 1668
328 1346 1362 1420 1708
328 1346 1362 1420 1708
1368 1544 1625
1333 1475 1498 1499 1518 1603 1646 1647 1652 1664 1742 1794 1995
107 284 300 610 722 1336 1339 1363 1381 1402 1419 1443 1485 1486 1499 1507 1549 1646 1647 1768 2039
599 643 722 1352 1353 1354 1364 1426 1475 1499 1652
599 643 722 1352 1353 1354 1364 1426 1475 1489 1499 1534 1652 1760 1770 1953
107 284 599 610 722 723 753 770 1347 1363 1364 1381 1437 1438 1465 1466 1485 1486 1507 1640 1732 1733 1834
23 107 300 614 615 616 643 1346 1347 1371 1374 1417 1437 1442 1582 1657
33 1392 1599 1604 1662 1663
33 1392 1599 1604 1662 1663
33 1392 1599 1604 1662 1663
33 1392 1599 1604 1662 1663
23 709 1336 1499 1646 1647 1787 1805
1371 1417 1437 1582 1763
1516 1571 1761 1772 1773 1774 1775 1776
1516 1571 1761 1770 1772 1773 1774 1775 1776


599 1371 1382 1417 1437 1456 1499 1549 1582 1763 1769


1362 1382 1421 1451 1460 1471 1570 1827
663 1342 1363 1401 1402 1768 1787
33 123 1333 1355 1402 1463 1464 1499 1599 1600 1625 1667 1669 1670 1719 1780 1861 1996
33 123 1333 1355 1402 1463 1464 1499 1599 1600 1625 1667 1669 1670 1719 1779 1861 1996
72 1350 1782 1783


72 686 1350 1393 1407 1509 1544 1548

23 30 599 614 617 1339 1355 1358 1363 1371 1382 1402 1417 1432 1436 1451 1533 1671 1673 1674 1727
23 709 1499 1646 1647 1768 1805

62 107 108 599 753 1355 1362 1364 1408 1419 1438 1475 1499 1549 1640 1667 1834
124 1499 1693 1699 1808
124 342 1355 1358 1362 1382 1445 1451 1499 1583 1584 1625 1673 1674 1720 1753 1765 1792 1827
124 342 1355 1356 1451 1452 1497 1498 1499 2023
1499 1646 1647 1667
123 124 1368 1370 1371 1402 1436 1463 1464 1499 1544 1603 1646 1647 1664 1699 1995


1 328 1346 1368 1404 1632 1798 1799
1362 1363 1473 1625 1632 1799
1625
229 231 269 540 1346 1395 1513 1514 1540 1560 1561 1562 1908

36 631 1371 1402 1417 1432 1709
686 1432 1455 1498 1744 1745 1804
686 1432 1455 1498 1744 1745 1803

284 686 722 1393 1394 1417 1432 1478 1479 1506 1525
1368 1373
33 72 1350 1599 1604
123 269 284 304 1355 1458 1495 1499 1500 1548 1549 1555 1567 1583 1599 1600 1601 1602 1661 1669 1670 1693 1877
686 1463 1548 2002 2049
284 304 328 1346 1362 1376 1382 1386 1387 1396 1420 1487 1708 1719 1812 1871
284 304 328 1346 1362 1376 1382 1386 1387 1396 1420 1487 1708 1719 1871
269 540 1346 1395 1514 1560 1561 1562 1611 1616
1410 1437 1445 1509 1665 1680 1681 1765 2063
124 342 1451 1471 1499 1575 1576 1693 1790 1791
124 342 1451 1471 1499 1575 1576 1693 1790 1791
342 643 722 1355 1356 1426 1451 1452 1499

284

36 273 1402 1436 1802 1848 1971
36 273 284 722 1336 1402 1436 1437 1763 1768 1802 1848 1971
36 273 1402 1436 1802 1848 1971
21 22 23 107 300 599 1347 1352 1353 1354 1364 1374 1475 1499 1652
21 22 23 107 300 599 1347 1352 1353 1354 1364 1374 1475 1499 1652
21 22 23 107 108 281 300 599 608 609 610 611 615 643 653 688 689 690 810 1347 1352 1353 1354 1364 1374 1475 1491 1499 1652
115 285 342 1362 1363 1382 1394 1444 1445 1451 1458 1583 1584 1631 1632 1725 1726
23 115 614 617 1355 1363 1451 1671 1725 1726
269 284 342 686 1355 1356 1363 1393 1432 1447 1451 1452 1455 1496 1549 1605 1671 1830 1876


599 753 1363 1364 1437 1438 1507 1640 1732 1733 1834
599 753 1363 1364 1437 1438 1507 1640 1732 1733 1834
1419 1549
107 285 300 615 643 810 1346 1424 1436 1439 1451 1491 1527 1616 1623 1624 1828
1458 1581
1458 1581
115 342 1346 1355 1358 1363 1396 1451 1522 1618 1673 1674 1725 1726
107 108 281 284 300 608 609 610 611 615 643 653 722 723 1347 1374 1393 1394 1413 1506
107 722 723 1347 1394 1729
115 284 304 1346 1363 1376 1392 1396 1487 1504 1550 1629 1630 1662 1663 1725 1726
755 1499 1646 1647 1682

1 231 284 663 1363 1415 1424 1439 1440 1500
1421 1471 1590 1882 1883 1899
663 1363 1401 1402 1848 2019
663 1363 1401 1402 1848 2019
36 328 663 1346 1363 1371 1401 1402 1417 1582 1802 2019
1 1335 1336 1371 1402 1405 1417 1477 1478 1582 1643

23 1333 1431 1436 1480 1517 1518 1565
500 1383 1402 1509 1555 1818



1531 1799
1410 1549 2052 2053 2054

342 1355 1356 1451 1452 1463 1464 1894
781 1373 1594 1713 1717
229 342 747 1334 1359 1360 1361 1402 1417 1451 1557 1558 1559 1583 1584
124 1402 1411 1499 1549 1571 1720 1792 1818

1463 1464 1499 1588


1 107 231 284 810 1347 1368 1373 1374 1394 1424 1426 1439 1458 1500 1726 1731 1735 1807 1868 1986


269 284 686 1355 1393 1447 1451 1455 1496 1605 1671


686 1362 1363 1382 1393 1394 1402 1416 1417 1432 1451 1453 1454 1455 1458 1459 1477 1495 1518 1827 1829 1870 1874
686 1362 1363 1382 1393 1394 1402 1416 1417 1432 1451 1453 1454 1455 1458 1459 1477 1495 1518 1827 1829 1870 1873
686 1362 1382 1393 1394 1402 1416 1417 1432 1453 1454 1455 1458 1477 1495 1518 1829 1870 1873 1874

342 1333 1363 1386 1436 2021 2022
1449 1609

599 1371 1417 1437 1456 1582 1763 1769



1346 1458 1463 1464 1527 1828
1368 1370 1371 1499 1603 1794
70 71 500 557 1334 1339 1346 1359 1360 1361 1368 1370 1371 1376 1383 1396 1449 1460 1471 1472 1499 1509 1570 1603 1625 1628 1679 1708 1732 1734 1794 1878 1907
30 36 599 631 724 755 1339 1371 1402 1417 1432 1456 1709 1802
33 72 123 269 686 745 1348 1349 1350 1393 1407 1464 1511 1548 1599 1603 1604 1665
1 610 690 753 1363 1381 1403 1404 1419 1437 1438 1485 1486 1507 1521 1640
123 269 328 745 1333 1353 1372 1405 1464 1471 1498 1511 1518 1553 2060
36 631 1371 1402 1417 1432 1709 1802
115 1347 1363 1417 1432 1478 1504 1547 1725 1726
229 231 284 1346 1403 1411 1427 1428 1429 1436 1439 1451 1458 1500 1513 1514 1540 1560 1561 1562 1623 1624 1689 1690 1691 1828 1850
342 1355 1356 1451 1452 1463 1464

328 1346 1396 1426 1628 1922
1336 1362 1453 1631 1632 1723 1735 2015 2024


1363 1901

500 2057
1362 1451 1631 1632 1827
107 115 284 328 342 540 1346 1355 1363 1451 1500 1522 1550 1629 1630 1725 1726 1838 1913 2043
686 1352 1353 1355 1363 1402 1419 1436 1447 1457 1463 1464 1549 1611 1859


229 231 269 310 326 1334 1344 1346 1359 1360 1361 1395 1513 1514 1560 1561 1562 1609 1610 1611
107 284 304 1500
1419 1549

1 599 1348 1349 1364 1368 1404 1531 1665 1913 1999
1 115 599 1348 1349 1363 1364 1368 1373 1404 1531 1665 1717 1725 1726 1912 1999 2058 2059
1382 1471 1711 1712
498 500 1333 1336 1354 1359 1382 1388 1394 1458 1475 1518 1524


107 342 1334 1355 1362 1363 1383 1398 1399 1400 1402 1451 1578
107 342 1334 1355 1362 1363 1383 1398 1399 1400 1402 1451 1578
107 342 1334 1355 1362 1363 1383 1398 1399 1400 1402 1451 1578
107 342 1334 1355 1362 1363 1383 1398 1399 1400 1402 1451 1578
1346 1396 1628
1336 1437 1763 1768
269 284 722 1472
72 1350 1567 1661 1706 1747 1949
72 1350 1567 1661 1706 1747 1925 1949
1352 1353 1355 1419 1447 1463 1464 1549 1859


1334 1383

1 33 433 504 505 1368 1373 1404 1449 1609 1807 1878 1933

1850 1935

124 229 1334 1346 1353 1471 1499 1516 1540 1550 1603 1794 1937 1975
1463 1464 1859
688 689 690 1392 1434 1435 1458 1939 1940
688 689 690 1392 1434 1435 1458 1938 1940
688 689 690 1392 1434 1435 1458 1938 1939
1438 1547 1577
1438 1547 1577
229 231 1346 1411 1513 1514 1540 1560 1561 1562
1346 1396
1346 1396
22 23
1 599 683 1353 1364 1368 1404 1531
1346 1368 1376 1396 1625 1679 1708 1886

1333 1405 1426 1628 1922
273 663 1363 1371 1402 1417 1432 1848 1971
1463 1464
1489 1534 1760 1761 1770
764 810
1585 1586
1 269 328 745 1368 1372 1404 1553 1646 1728 2060
1 269 328 745 1368 1372 1404 1553 1646 1728 2060
33 1336 1599 1600 1618 1752

1961
1960
36 1339 1363 1371 1402 1533 1802
36 1339 1363 1371 1402 1533 1802
1333 1363 1402 1417 1749 1752 2010

72 269 1351 1528
123 269 745 1464 1511 1548

1333 1402 1417 1749 1752
1333 1402 1417 1749 1752
36 1802

696 1336 1620 1752 2011 2012



107 615 643 810 1347 1374 1491
1386
229 747 1334 1402 1417 1557 1558 1559

610 722 770 1381 1465 1466 1485 1486 1759
610 722 770 1381 1465 1466 1485 1486 1759

229 231 1435 1437 1513 1514 1560 1561 1562 1692 1832 1862 1908

71 72
1646 1989
1646 1987 1989

1392 1499 1567 1661 1662 1663
123 269 745 1342 1511 1550 1890 2003
123 269 745 1342 1511 1550 1890 2003
610 1381 1485 1486
610 1381 1485 1486
1333 1405 1498 1518 1544 1664 1895
33 1599 1600
610 722 1381 1485 1486 1589
610 1381 1485 1486




123 1463 1464 1593 1884 2013
30 599 1456
1888
1888
342 1334 1359 1360 1361 1451 1583 1584
328 1346 1371 1417 1582





107 284 1336 1453 1500 1574 1904





269 1459 1472 1586



1618



2027
2027
19 328 1372
1391 1392 1547 1869
229 231 269 1395 1411 1611 1616 1625
1392 1458
1392 1458




1339 1402
1435 1938 1939 1940

1355 1451 1671
1913 2058 2059
1382 1495
1382
1336 1373 1717 1768
115 1363 1373 1717 1725 1726
1336 1453 1735

547 1363 1392 1436 1458 1625 2067






500 1902






1499 1667 1793
284
284






1386 1616


2077 2078 2080 2081 2096 2104 2105 2129 2130 2131 2132
2078 2080 2081 2083 2085 2086 2099 2100 2107 2121 2122 2154

1365 2080 2081 2082 2085 2086 2096 2107 2110 2112 2119 2147 2148
1365 2077 2079 2081 2082 2085 2086 2096 2107 2110 2112 2117 2118 2119 2128 2147 2148
1365 2077 2079 2080 2082 2085 2086 2096 2107 2110 2112 2119 2147 2148 2149
1365 2080 2081 2085 2086 2096 2107 2110 2147 2148
2077 2080 2081 2085 2086 2107
1365 2085 2086
1365 2086 2089 2090 2095 2097 2098 2106 2129 2133 2150
1365 2085 2089 2090 2095 2097 2098 2106 2108 2109 2111 2129 2133 2146 2150
2080 2081 2088 2104 2105 2112 2118 2129 2130 2131 2132 2152 2153
2080 2081 2104 2105 2112 2118 2129 2130 2131 2132 2152 2153


2092 2098 2101 2102 2103
2091 2098 2101 2102 2103
1293 1365 2079 2080 2081 2085 2086 2094 2112 2114 2119 2129 2143
1293 1365 2079 2080 2081 2085 2086 2093 2112 2114 2119 2129 2143

2077 2081











2086 2109 2110 2111 2112 2145
2086 2108 2110 2111 2112 2145
2108 2109 2112
2086 2108 2109 2112 2145
2108 2109 2110 2111
2077 2081 2096 2099 2100 2114 2135 2144
2077 2081 2096 2099 2100 2125 2126 2135 2144
2080 2081 2117 2118 2128
2080 2081 2117 2118 2128




2077 2123
2077 2123
2121 2122
2091 2092
2114 2126 2127
2114 2125 2127
2125 2126






2077 2080 2081 2107

2080 2081 2096 2107 2149
2139 2140 2141 2142
2139 2140 2141 2142






2108 2109 2111 2146
2086 2145









2157 2158




