19 1 23 107 284 342 722 1333 1336 1346 1355 1362 1382 1402 1417 1432 1451 1458 1478 1499 
16 1 23 284 342 686 722 1333 1336 1355 1362 1382 1402 1417 1432 1478 1499 
16 1 23 107 284 686 722 1333 1336 1382 1394 1402 1417 1432 1458 1478 1499 
16 1 23 284 342 686 1333 1336 1346 1355 1362 1382 1402 1417 1432 1478 1518 
16 1 23 284 342 686 1333 1336 1346 1355 1382 1402 1417 1458 1498 1499 1518 
16 1 23 284 342 686 722 1333 1336 1346 1355 1362 1382 1402 1417 1478 1499 
16 1 23 284 342 686 1333 1336 1346 1355 1362 1382 1402 1417 1478 1499 1518 
16 1 23 284 342 686 1333 1336 1355 1362 1382 1402 1417 1432 1478 1499 1518 
16 1 23 284 342 686 722 1333 1336 1346 1355 1362 1382 1402 1417 1432 1478 
16 1 23 284 342 686 1333 1336 1346 1355 1382 1402 1417 1458 1478 1499 1518 
